0.0
-0.004179673735052347
-0.013016724959015846
-0.004811256658285856
-0.03599746152758598
0.040490541607141495
0.17345336079597473
0.19879473745822906
0.20838439464569092
0.29086926579475403
0.3396404981613159
0.352766752243042
0.39144065976142883
0.3763042390346527
0.41101956367492676
0.34723010659217834
0.37886494398117065
0.38083502650260925
0.4231766164302826
0.42157697677612305
0.5125613212585449
0.515975832939148
0.6496320962905884
0.7564563751220703
0.9430986046791077
1.1013768911361694
1.2577779293060303
1.4028382301330566
1.3450723886489868
1.5342210531234741
1.6735583543777466
1.711531639099121
1.75872802734375
1.7571614980697632
1.8789467811584473
2.01289439201355
2.087017059326172
2.1500844955444336
2.0681099891662598
2.1756575107574463
2.186147928237915
2.089712381362915
2.031987190246582
2.0740506649017334
2.092120885848999
2.14939546585083
2.195183753967285
2.24062180519104
2.3114094734191895
2.3786048889160156
2.4461498260498047
2.5553534030914307
2.538217306137085
2.4498186111450195
2.442044496536255
2.433406352996826
2.4076061248779297
2.5388503074645996
2.714573621749878
2.861598491668701
2.9623360633850098
3.042513847351074
3.088041067123413
3.103876829147339
3.132497549057007
3.1526753902435303
3.1678626537323
3.2116541862487793
3.286766529083252
3.338275671005249
3.4223766326904297
3.4493446350097656
3.5218887329101562
3.5820469856262207
3.685894012451172
3.7305994033813477
3.828153610229492
3.9313621520996094
4.064826965332031
4.154521465301514
4.216470718383789
4.279928684234619
4.330622673034668
4.406488418579102
4.482988357543945
4.526684284210205
4.662408351898193
4.6256537437438965
4.596071243286133
4.409952163696289
4.298223972320557
4.147489070892334
4.136814117431641
4.0137858390808105
4.115118503570557
4.102851867675781
4.199380874633789
4.28818941116333
4.306717872619629
4.381964206695557
4.383312225341797
4.397332191467285
4.3935465812683105
4.423597812652588
4.443043231964111
4.412096977233887
4.422266483306885
4.434201717376709
4.405088901519775
4.3796234130859375
4.346121311187744
4.323760986328125
4.346813678741455
4.34408712387085
4.344344139099121
4.352809429168701
4.32352352142334
4.343950271606445
4.30685567855835
4.230325222015381
4.218268394470215
4.127408981323242
4.121674060821533
3.9969570636749268
3.956448554992676
3.8149116039276123
3.689671277999878
3.5842599868774414
3.4213931560516357
3.3245491981506348
3.2093772888183594
3.0893774032592773
3.0377774238586426
2.9404516220092773
2.9249422550201416
2.8278756141662598
2.762119770050049
2.7090871334075928
2.669330596923828
2.5644407272338867
2.454706907272339
2.41263484954834
2.3601112365722656
2.237185001373291
2.1621601581573486
2.118851900100708
2.0747058391571045
2.0291597843170166
2.007059335708618
2.00815486907959
1.980855107307434
2.01619029045105
2.1522321701049805
2.1459290981292725
2.159895658493042
2.140972852706909
2.122023344039917
2.2101454734802246
2.260342597961426
2.2373993396759033
2.2307605743408203
2.2695565223693848
2.303732395172119
2.391075611114502
2.461815118789673
2.546090841293335
2.608398675918579
2.6528561115264893
2.7624399662017822
2.8955817222595215
3.0300705432891846
3.1429178714752197
3.2962236404418945
3.405580520629883
3.5160417556762695
3.6532888412475586
3.7901482582092285
3.926992177963257
3.9396719932556152
3.7396721839904785
3.762768030166626
3.846958875656128
3.646958589553833
3.6586146354675293
3.8310115337371826
3.979583501815796
4.029969692230225
4.021430969238281
4.050261497497559
4.09798002243042
4.195486545562744
4.293063163757324
4.362170696258545
4.377253532409668
4.385874271392822
4.330974578857422
4.289725303649902
4.222960948944092
4.187985897064209
4.126956939697266
4.1350836753845215
4.28566312789917
4.4409613609313965
4.530468463897705
4.527043342590332
4.556271553039551
4.597254753112793
4.5689215660095215
4.605069637298584
4.588287353515625
4.559732913970947
4.444263935089111
4.33199405670166
4.23513650894165
4.119418621063232
3.9668517112731934
3.819563627243042
3.7389981746673584
3.629453420639038
3.498469114303589
3.3664846420288086
3.226494789123535
3.167762279510498
3.121295928955078
3.0431647300720215
2.980642318725586
2.8880560398101807
2.790440082550049
2.697706460952759
2.5619699954986572
2.4710936546325684
2.329498291015625
2.1906301975250244
2.0255286693573
1.8973567485809326
1.764436960220337
1.6086509227752686
1.4562994241714478
1.2594707012176514
1.1555017232894897
1.0953049659729004
1.1246402263641357
1.1383013725280762
1.1811617612838745
1.2787786722183228
1.3733092546463013
1.409372091293335
1.4637994766235352
1.6015211343765259
1.7410047054290771
1.9006088972091675
2.001169443130493
2.0892982482910156
2.1847312450408936
2.2532832622528076
2.2219655513763428
2.2063727378845215
2.1817409992218018
2.197143316268921
2.1884682178497314
2.190150022506714
2.2182271480560303
2.2036595344543457
2.223243236541748
2.2535400390625
2.3107287883758545
2.3661975860595703
2.4361846446990967
2.4752488136291504
2.419194459915161
2.3966572284698486
2.3975932598114014
2.3551671504974365
2.3066234588623047
2.251511812210083
2.2461917400360107
2.1958324909210205
2.1357741355895996
2.0747663974761963
2.0357296466827393
1.986831784248352
1.9375262260437012
1.8641515970230103
1.7885856628417969
1.6824226379394531
1.577156901359558
1.5085899829864502
1.4228953123092651
1.3503618240356445
1.3011600971221924
1.239735722541809
1.172978401184082
1.1429095268249512
1.0800559520721436
1.0704994201660156
1.063158631324768
1.0398091077804565
1.0714101791381836
1.2055599689483643
1.2845675945281982
1.428177833557129
1.5370665788650513
1.5948807001113892
1.6866012811660767
1.7848541736602783
1.8199769258499146
1.8627135753631592
1.889547348022461
1.8656320571899414
1.8329776525497437
1.8516682386398315
1.895668387413025
1.9213588237762451
1.9243148565292358
1.9171851873397827
1.8930262327194214
1.8464583158493042
1.8747763633728027
1.9170511960983276
1.9780526161193848
2.1034820079803467
2.199094533920288
2.2128021717071533
2.265296459197998
2.2558176517486572
2.2960190773010254
2.28568172454834
2.302149534225464
2.2724993228912354
2.2423324584960938
2.192060708999634
2.1050775051116943
2.0794825553894043
2.04337739944458
2.0265114307403564
2.0122857093811035
1.9726576805114746
1.8861192464828491
1.8480805158615112
1.7956762313842773
1.7613321542739868
1.7432228326797485
1.7288954257965088
1.7377783060073853
1.7144839763641357
1.6675165891647339
1.6634047031402588
1.604227066040039
1.5643748044967651
1.5153380632400513
1.4541116952896118
1.4537245035171509
1.4386649131774902
1.414547085762024
1.416797161102295
1.3992842435836792
1.3764528036117554
1.4018993377685547
1.3504605293273926
1.3485711812973022
1.3573487997055054
1.3560436964035034
1.3310571908950806
1.3289120197296143
1.301405668258667
1.2723761796951294
1.3302513360977173
1.3148139715194702
1.3204561471939087
1.3179441690444946
1.3134886026382446
1.3256239891052246
1.321953535079956
1.2811059951782227
1.2424875497817993
1.219467043876648
1.2049522399902344
1.2610769271850586
1.278093934059143
1.276991367340088
1.306151270866394
1.397020697593689
1.499106764793396
1.5767742395401
1.697453498840332
1.8255442380905151
1.9489972591400146
2.0105440616607666
2.0999815464019775
2.2108242511749268
2.345226764678955
2.501115322113037
2.5221595764160156
2.6063129901885986
2.6045167446136475
2.5140984058380127
2.498469591140747
2.589387893676758
2.620028018951416
2.742234468460083
2.6187174320220947
2.5752408504486084
2.550690174102783
2.5488150119781494
2.5189895629882812
2.529693603515625
2.5474448204040527
2.5733959674835205
2.5697479248046875
2.5966217517852783
2.6473913192749023
2.710820436477661
2.7627458572387695
2.868886947631836
2.936331033706665
2.992238759994507
2.9521751403808594
2.907062530517578
2.8519206047058105
2.8225972652435303
2.7621378898620605
2.746351718902588
2.754028081893921
2.7443654537200928
2.7306432723999023
2.6831066608428955
2.674213409423828
2.682847738265991
2.7511041164398193
2.7859385013580322
2.8201653957366943
2.849977970123291
2.8447580337524414
2.841801166534424
2.8736886978149414
2.8862946033477783
2.858362913131714
2.898853063583374
2.856997013092041
2.849135637283325
2.7134041786193848
2.598529815673828
2.519949197769165
2.4365687370300293
2.483916997909546
2.5120151042938232
2.5161046981811523
2.5107603073120117
2.480664014816284
2.419562339782715
2.289389133453369
2.292192220687866
2.2409355640411377
2.1839423179626465
2.1563329696655273
1.9857656955718994
1.9535531997680664
1.7921854257583618
1.6865965127944946
1.624027132987976
1.5320355892181396
1.5009450912475586
1.403522253036499
1.3225717544555664
1.3622864484786987
1.3257102966308594
1.4258861541748047
1.4656809568405151
1.4562374353408813
1.484871745109558
1.5256202220916748
1.6007641553878784
1.6618136167526245
1.6677168607711792
1.6359314918518066
1.6321731805801392
1.6959195137023926
1.6946659088134766
1.7626256942749023
1.8217214345932007
1.8638052940368652
1.9362670183181763
1.955147385597229
1.9053103923797607
1.880753993988037
1.7974134683609009
1.8087822198867798
1.9135572910308838
1.990427017211914
2.0727486610412598
2.2002105712890625
2.1748716831207275
1.9748719930648804
2.0872609615325928
2.148867130279541
2.1860432624816895
2.188599109649658
2.255323886871338
2.2802841663360596
2.2948944568634033
2.335867166519165
2.3813116550445557
2.434260129928589
2.427799701690674
2.403266429901123
2.4163005352020264
2.3975231647491455
2.4020614624023438
2.4117090702056885
2.3922698497772217
2.391561508178711
2.386068105697632
2.404110908508301
2.4186108112335205
2.4410409927368164
2.4251086711883545
2.423948287963867
2.442737579345703
2.4493985176086426
2.4729297161102295
2.532073736190796
2.573906660079956
2.6382081508636475
2.70963716506958
2.773456335067749
2.8525075912475586
2.944211959838867
2.889756917953491
2.892293691635132
2.7893013954162598
2.640453815460205
2.551605463027954
2.4412777423858643
2.368983268737793
2.2425286769866943
2.04520845413208
1.849650502204895
1.649800181388855
1.4498004913330078
1.2498005628585815
1.0498006343841553
0.849800705909729
0.649846076965332
0.45008930563926697
0.2603329122066498
0.13508912920951843
0.24955211579799652
0.33096107840538025
0.39302223920822144
0.4728301763534546
0.5226224660873413
0.5650916695594788
0.645473837852478
0.7187096476554871
0.7577275633811951
0.7643640041351318
0.8017058968544006
0.8662903308868408
0.9141032695770264
0.9425223469734192
0.9769265651702881
1.0218913555145264
1.0852431058883667
1.153996229171753
1.1789898872375488
1.1680443286895752
1.1378705501556396
1.1563113927841187
1.2081577777862549
1.1953601837158203
1.2156944274902344
1.2356503009796143
1.2587754726409912
1.2734296321868896
1.2995516061782837
1.3036067485809326
1.3564367294311523
1.41675865650177
1.4618287086486816
1.5051562786102295
1.5538108348846436
1.6104322671890259
1.6043375730514526
1.6445722579956055
1.6898881196975708
1.7433654069900513
1.8280960321426392
1.8806284666061401
1.9564828872680664
2.030975580215454
2.0829238891601562
2.148414373397827
2.188344955444336
2.209012985229492
2.2793807983398438
2.3398940563201904
2.2639307975769043
2.187363386154175
2.1681063175201416
2.173145055770874
2.114591360092163
2.063396692276001
2.093600273132324
2.0333690643310547
1.9692126512527466
2.0118353366851807
2.052368402481079
2.1259102821350098
2.0135421752929688
1.9296813011169434
1.8501338958740234
1.7424930334091187
1.6914530992507935
1.7024272680282593
1.6623479127883911
1.6354565620422363
1.525894045829773
1.535920262336731
1.527406930923462
1.526806354522705
1.5219873189926147
1.5358637571334839
1.4986103773117065
1.4366744756698608
1.4395051002502441
1.4942935705184937
1.557460904121399
1.5821964740753174
1.6404712200164795
1.67848539352417
1.6932861804962158
1.7601622343063354
1.78312349319458
1.7061882019042969
1.7227962017059326
1.7769579887390137
1.8360337018966675
1.8514765501022339
1.8799879550933838
1.9171385765075684
1.9233722686767578
1.9161925315856934
1.9014697074890137
1.9507811069488525
1.981655240058899
2.0273544788360596
2.07218074798584
2.0754740238189697
2.1484572887420654
2.1798157691955566
2.2616238594055176
2.344059705734253
2.388171672821045
2.468517780303955
2.530795097351074
2.5429553985595703
2.4896321296691895
2.531795024871826
2.5562326908111572
2.558743476867676
2.5173473358154297
2.5502634048461914
2.568119525909424
2.6163501739501953
2.618741512298584
2.6842663288116455
2.674598455429077
2.696460485458374
2.704660654067993
2.7414679527282715
2.7685189247131348
2.8099846839904785
2.874171018600464
2.939842700958252
2.9905612468719482
3.0439023971557617
2.967876434326172
3.000413417816162
3.021009922027588
3.014845609664917
3.026151418685913
3.035050868988037
3.026235818862915
3.039315938949585
2.9933090209960938
3.022688388824463
3.059767246246338
3.0804402828216553
3.095155954360962
3.12446665763855
3.1456351280212402
3.230130672454834
3.3067686557769775
3.3678030967712402
3.3488683700561523
3.3356761932373047
3.2997846603393555
3.252797842025757
3.2131083011627197
3.19876766204834
3.1566426753997803
3.1244759559631348
3.046952486038208
3.018003463745117
2.9699244499206543
2.9185142517089844
2.90899658203125
2.735960006713867
2.680774450302124
2.7306783199310303
2.6304550170898438
2.520897388458252
2.526409387588501
2.493001937866211
2.5087597370147705
2.515230417251587
2.465343952178955
2.4394147396087646
2.413379430770874
2.343845844268799
2.2621278762817383
2.2369699478149414
2.1841819286346436
2.142160177230835
2.1604115962982178
2.1943352222442627
2.2160565853118896
2.275428295135498
2.2964773178100586
2.3588438034057617
2.429094076156616
2.508965492248535
2.5527729988098145
2.6255033016204834
2.6637606620788574
2.666825532913208
2.6720402240753174
2.692518472671509
2.711374521255493
2.740725040435791
2.8006577491760254
2.8634376525878906
2.931591510772705
2.9769811630249023
3.0385994911193848
3.068765640258789
3.1000795364379883
3.103053569793701
3.116755247116089
3.145167589187622
3.2217352390289307
3.2895162105560303
3.2883341312408447
3.3246026039123535
3.3951902389526367
3.4323558807373047
3.474618673324585
3.4892213344573975
3.5577216148376465
3.694906234741211
3.85063099861145
4.0375447273254395
4.176612854003906
4.345038890838623
4.478763103485107
4.632323265075684
4.746631622314453
4.828899383544922
4.913382053375244
4.961508274078369
4.985788345336914
4.961455821990967
4.958103656768799
4.959383964538574
4.968029022216797
4.979203701019287
4.951479911804199
4.8935723304748535
4.826975345611572
4.792428493499756
4.7755126953125
4.767574787139893
4.7385149002075195
4.739297389984131
4.728727340698242
4.725038051605225
4.7256622314453125
4.715149402618408
4.724872589111328
4.715681552886963
4.688230991363525
4.639418601989746
4.593323230743408
4.559484481811523
4.5641350746154785
4.598062038421631
4.677365303039551
4.709062576293945
4.74709939956665
4.783600330352783
4.770190238952637
4.782504081726074
4.795310974121094
4.831609725952148
4.906142234802246
4.923045635223389
4.914613723754883
4.883012771606445
4.825686454772949
4.8008246421813965
4.787824630737305
4.777049541473389
4.577049255371094
4.552887916564941
4.535364627838135
4.51230525970459
4.486881732940674
4.479744911193848
4.443549156188965
4.4337897300720215
4.415964603424072
4.400508880615234
4.388094425201416
4.405172348022461
4.396629810333252
4.38813591003418
4.402332782745361
4.4472336769104
4.463222503662109
4.47786283493042
4.500956058502197
4.567578315734863
4.5810065269470215
4.520884037017822
4.41651725769043
4.357362270355225
4.329677581787109
4.276881694793701
4.352774620056152
4.423140048980713
4.518736362457275
4.557136058807373
4.47426176071167
4.480006217956543
4.395197868347168
4.43300199508667
4.412187576293945
4.425145149230957
4.361069202423096
4.424271583557129
4.5291428565979
4.634617805480957
4.767622470855713
4.861796855926514
4.959195137023926
5.043575763702393
5.14040470123291
5.163005352020264
5.224231243133545
5.280104637145996
5.3616204261779785
5.371011257171631
5.479849815368652
5.530003547668457
5.579785346984863
5.457904815673828
5.456854820251465
5.4246602058410645
5.39481258392334
5.389657020568848
5.382193565368652
5.349594593048096
5.299112796783447
5.272244930267334
5.163581848144531
5.103261470794678
5.02964973449707
4.919530868530273
4.850327014923096
4.704638957977295
4.607415199279785
4.502750873565674
4.356767177581787
4.2165093421936035
4.07857608795166
3.9150748252868652
3.761556625366211
3.564387083053589
3.409362554550171
3.2291080951690674
3.1065516471862793
2.9375643730163574
2.8017170429229736
2.649705171585083
2.6211178302764893
2.501857042312622
2.3775815963745117
2.257591724395752
2.1580677032470703
2.147458553314209
0.0
-0.004179673735052347
-0.013016724959015846
-0.004811256658285856
-0.03599746152758598
0.040490541607141495
0.17345336079597473
0.19879473745822906
0.20838439464569092
0.29086926579475403
0.3396404981613159
0.352766752243042
0.39144065976142883
0.3763042390346527
0.41101956367492676
0.34723010659217834
0.37886494398117065
0.38083502650260925
0.4231766164302826
0.42157697677612305
0.5125613212585449
0.515975832939148
0.6496320962905884
0.7564563751220703
0.9430986046791077
1.1013768911361694
1.2577779293060303
1.4028382301330566
1.3450723886489868
1.5342210531234741
1.6735583543777466
1.711531639099121
1.75872802734375
1.7571614980697632
1.8789467811584473
2.01289439201355
2.087017059326172
2.1500844955444336
2.0681099891662598
2.1756575107574463
2.186147928237915
2.089712381362915
2.031987190246582
2.0740506649017334
2.092120885848999
2.14939546585083
2.195183753967285
2.24062180519104
2.3114094734191895
2.3786048889160156
2.4461498260498047
2.5553534030914307
2.538217306137085
2.4498186111450195
2.442044496536255
2.433406352996826
2.4076061248779297
2.5388503074645996
2.714573621749878
2.861598491668701
2.9623360633850098
3.042513847351074
3.088041067123413
3.103876829147339
0.0
-0.004179673735052347
-0.013016724959015846
-0.004811256658285856
-0.03599746152758598
0.040490541607141495
0.17345336079597473
0.19879473745822906
0.20838439464569092
0.29086926579475403
0.3396404981613159
0.352766752243042
0.39144065976142883
0.3763042390346527
0.41101956367492676
0.34723010659217834
0.37886494398117065
0.38083502650260925
0.4231766164302826
0.42157697677612305
0.5125613212585449
0.515975832939148
0.6496320962905884
0.7564563751220703
0.9430986046791077
1.1013768911361694
1.2577779293060303
1.4028382301330566
1.3450723886489868
1.5342210531234741
1.6735583543777466
1.711531639099121
1.75872802734375
1.7571614980697632
1.8789467811584473
2.01289439201355
2.087017059326172
2.1500844955444336
2.0681099891662598
2.1756575107574463
2.186147928237915
2.089712381362915
2.031987190246582
2.0740506649017334
2.092120885848999
2.14939546585083
2.195183753967285
2.24062180519104
2.3114094734191895
2.3786048889160156
2.4461498260498047
2.5553534030914307
2.538217306137085
2.4498186111450195
2.442044496536255
2.433406352996826
2.4076061248779297
2.5388503074645996
2.714573621749878
2.861598491668701
2.9623360633850098
3.042513847351074
3.088041067123413
3.103876829147339
3.132497549057007
3.1526753902435303
3.1678626537323
3.2116541862487793
3.286766529083252
3.338275671005249
3.4223766326904297
3.4493446350097656
3.5218887329101562
3.5820469856262207
3.685894012451172
3.7305994033813477
3.828153610229492
3.9313621520996094
4.064826965332031
4.154521465301514
4.216470718383789
4.279928684234619
4.330622673034668
4.406488418579102
4.482988357543945
4.526684284210205
4.662408351898193
4.6256537437438965
4.596071243286133
4.409952163696289
4.298223972320557
4.147489070892334
4.136814117431641
4.0137858390808105
4.115118503570557
4.102851867675781
4.199380874633789
4.28818941116333
4.306717872619629
4.381964206695557
4.383312225341797
4.397332191467285
4.3935465812683105
4.423597812652588
4.443043231964111
4.412096977233887
4.422266483306885
4.434201717376709
4.405088901519775
4.3796234130859375
4.346121311187744
4.323760986328125
4.346813678741455
4.34408712387085
4.344344139099121
4.352809429168701
4.32352352142334
4.343950271606445
4.30685567855835
4.230325222015381
4.218268394470215
4.127408981323242
4.121674060821533
3.9969570636749268
3.956448554992676
3.8149116039276123
3.689671277999878
3.5842599868774414
3.4213931560516357
3.3245491981506348
3.2093772888183594
3.0893774032592773
3.0377774238586426
2.9404516220092773
2.9249422550201416
2.8278756141662598
2.762119770050049
2.7090871334075928
2.669330596923828
2.5644407272338867
2.454706907272339
2.41263484954834
2.3601112365722656
2.237185001373291
2.1621601581573486
2.118851900100708
2.0747058391571045
2.0291597843170166
2.007059335708618
2.00815486907959
1.980855107307434
2.01619029045105
2.1522321701049805
2.1459290981292725
2.159895658493042
2.140972852706909
2.122023344039917
2.2101454734802246
2.260342597961426
2.2373993396759033
2.2307605743408203
2.2695565223693848
2.303732395172119
2.391075611114502
2.461815118789673
2.546090841293335
2.608398675918579
2.6528561115264893
2.7624399662017822
2.8955817222595215
3.0300705432891846
3.1429178714752197
3.2962236404418945
3.405580520629883
3.5160417556762695
3.6532888412475586
3.7901482582092285
3.926992177963257
3.9396719932556152
3.7396721839904785
3.762768030166626
3.846958875656128
3.646958589553833
3.6586146354675293
3.8310115337371826
3.979583501815796
4.029969692230225
4.021430969238281
4.050261497497559
4.09798002243042
4.195486545562744
4.293063163757324
4.362170696258545
4.377253532409668
4.385874271392822
4.330974578857422
4.289725303649902
4.222960948944092
4.187985897064209
4.126956939697266
4.1350836753845215
4.28566312789917
4.4409613609313965
4.530468463897705
4.527043342590332
4.556271553039551
4.597254753112793
4.5689215660095215
4.605069637298584
4.588287353515625
4.559732913970947
4.444263935089111
4.33199405670166
4.23513650894165
4.119418621063232
3.9668517112731934
3.819563627243042
3.7389981746673584
3.629453420639038
3.498469114303589
3.3664846420288086
3.226494789123535
3.167762279510498
3.121295928955078
3.0431647300720215
2.980642318725586
