0.0
-0.004179673735052347
-0.013016724959015846
-0.004811256658285856
-0.03599746152758598
0.040490541607141495
0.17345336079597473
0.19879473745822906
0.20838439464569092
0.29086926579475403
0.3396404981613159
0.352766752243042
0.39144065976142883
0.3763042390346527
0.41101956367492676
0.34723010659217834
0.37886494398117065
0.38083502650260925
0.4231766164302826
0.42157697677612305
0.5125613212585449
0.515975832939148
0.6496320962905884
0.7564563751220703
0.9430986046791077
1.1013768911361694
1.2577779293060303
1.4028382301330566
1.3450723886489868
1.5342210531234741
1.6735583543777466
1.711531639099121
1.75872802734375
1.7571614980697632
1.8789467811584473
2.01289439201355
2.087017059326172
2.1500844955444336
2.0681099891662598
2.1756575107574463
2.186147928237915
2.089712381362915
2.031987190246582
2.0740506649017334
2.092120885848999
2.14939546585083
2.195183753967285
2.24062180519104
2.3114094734191895
2.3786048889160156
2.4461498260498047
2.5553534030914307
2.538217306137085
2.4498186111450195
2.442044496536255
2.433406352996826
2.4076061248779297
2.5388503074645996
2.714573621749878
2.861598491668701
2.9623360633850098
3.042513847351074
3.088041067123413
3.103876829147339
3.132497549057007
3.1526753902435303
3.1678626537323
3.2116541862487793
3.286766529083252
3.338275671005249
3.4223766326904297
3.4493446350097656
3.5218887329101562
3.5820469856262207
3.685894012451172
3.7305994033813477
3.828153610229492
3.9313621520996094
4.064826965332031
4.154521465301514
4.216470718383789
4.279928684234619
4.330622673034668
4.406488418579102
4.482988357543945
4.526684284210205
4.662408351898193
4.6256537437438965
4.596071243286133
4.409952163696289
4.298223972320557
4.147489070892334
4.136814117431641
4.0137858390808105
4.115118503570557
4.102851867675781
4.199380874633789
4.28818941116333
4.306717872619629
4.381964206695557
4.383312225341797
4.397332191467285
4.3935465812683105
4.423597812652588
4.443043231964111
4.412096977233887
4.422266483306885
4.434201717376709
4.405088901519775
4.3796234130859375
4.346121311187744
4.323760986328125
4.346813678741455
4.34408712387085
4.344344139099121
4.352809429168701
4.32352352142334
4.343950271606445
4.30685567855835
4.230325222015381
4.218268394470215
4.127408981323242
4.121674060821533
3.9969570636749268
3.956448554992676
3.8149116039276123
3.689671277999878
3.5842599868774414
3.4213931560516357
3.3245491981506348
3.2093772888183594
3.0893774032592773
3.0377774238586426
2.9404516220092773
2.9249422550201416
2.8278756141662598
2.762119770050049
2.7090871334075928
2.669330596923828
2.5644407272338867
2.454706907272339
2.41263484954834
2.3601112365722656
2.237185001373291
2.1621601581573486
2.118851900100708
2.0747058391571045
2.0291597843170166
2.007059335708618
2.00815486907959
1.980855107307434
2.01619029045105
2.1522321701049805
2.1459290981292725
2.159895658493042
2.140972852706909
2.122023344039917
2.2101454734802246
2.260342597961426
2.2373993396759033
2.2307605743408203
2.2695565223693848
2.303732395172119
2.391075611114502
2.461815118789673
2.546090841293335
2.608398675918579
2.6528561115264893
2.7624399662017822
2.8955817222595215
3.0300705432891846
3.1429178714752197
3.2962236404418945
3.405580520629883
3.5160417556762695
3.6532888412475586
3.7901482582092285
3.926992177963257
3.9396719932556152
3.7396721839904785
3.762768030166626
3.846958875656128
3.646958589553833
3.6586146354675293
3.8310115337371826
3.979583501815796
4.029969692230225
4.021430969238281
4.050261497497559
4.09798002243042
4.195486545562744
4.293063163757324
4.362170696258545
4.377253532409668
4.385874271392822
4.330974578857422
4.289725303649902
4.222960948944092
4.187985897064209
4.126956939697266
4.1350836753845215
4.28566312789917
4.4409613609313965
4.530468463897705
4.527043342590332
4.556271553039551
4.597254753112793
4.5689215660095215
4.605069637298584
4.588287353515625
4.559732913970947
4.444263935089111
4.33199405670166
4.23513650894165
4.119418621063232
3.9668517112731934
3.819563627243042
3.7389981746673584
3.629453420639038
3.498469114303589
3.3664846420288086
3.226494789123535
3.167762279510498
3.121295928955078
3.0431647300720215
2.980642318725586
2.8880560398101807
2.790440082550049
2.697706460952759
2.5619699954986572
2.4710936546325684
2.329498291015625
2.1906301975250244
2.0255286693573
1.8973567485809326
1.764436960220337
1.6086509227752686
1.4562994241714478
1.2594707012176514
1.1555017232894897
1.0953049659729004
1.1246402263641357
1.1383013725280762
1.1811617612838745
1.2787786722183228
1.3733092546463013
1.409372091293335
1.4637994766235352
1.6015211343765259
1.7410047054290771
1.9006088972091675
2.001169443130493
2.0892982482910156
2.1847312450408936
2.2532832622528076
2.2219655513763428
2.2063727378845215
2.1817409992218018
2.197143316268921
2.1884682178497314
2.190150022506714
2.2182271480560303
2.2036595344543457
2.223243236541748
2.2535400390625
2.3107287883758545
2.3661975860595703
2.4361846446990967
2.4752488136291504
2.419194459915161
2.3966572284698486
2.3975932598114014
2.3551671504974365
2.3066234588623047
2.251511812210083
2.2461917400360107
2.1958324909210205
2.1357741355895996
2.0747663974761963
2.0357296466827393
1.986831784248352
1.9375262260437012
1.8641515970230103
1.7885856628417969
1.6824226379394531
1.577156901359558
1.5085899829864502
1.4228953123092651
1.3503618240356445
1.3011600971221924
1.239735722541809
1.172978401184082
1.1429095268249512
1.0800559520721436
1.0704994201660156
1.063158631324768
1.0398091077804565
1.0714101791381836
1.2055599689483643
1.2845675945281982
1.428177833557129
1.5370665788650513
1.5948807001113892
1.6866012811660767
1.7848541736602783
1.8199769258499146
1.8627135753631592
1.889547348022461
1.8656320571899414
1.8329776525497437
1.8516682386398315
1.895668387413025
1.9213588237762451
1.9243148565292358
1.9171851873397827
1.8930262327194214
1.8464583158493042
1.8747763633728027
1.9170511960983276
1.9780526161193848
2.1034820079803467
2.199094533920288
2.2128021717071533
2.265296459197998
2.2558176517486572
2.2960190773010254
2.28568172454834
2.302149534225464
2.2724993228912354
2.2423324584960938
2.192060708999634
2.1050775051116943
2.0794825553894043
2.04337739944458
2.0265114307403564
2.0122857093811035
1.9726576805114746
1.8861192464828491
1.8480805158615112
1.7956762313842773
1.7613321542739868
1.7432228326797485
1.7288954257965088
1.7377783060073853
1.7144839763641357
1.6675165891647339
1.6634047031402588
1.604227066040039
1.5643748044967651
1.5153380632400513
1.4541116952896118
1.4537245035171509
1.4386649131774902
1.414547085762024
1.416797161102295
1.3992842435836792
1.3764528036117554
1.4018993377685547
1.3504605293273926
1.3485711812973022
1.3573487997055054
1.3560436964035034
1.3310571908950806
1.3289120197296143
1.301405668258667
1.2723761796951294
1.3302513360977173
1.3148139715194702
1.3204561471939087
1.3179441690444946
1.3134886026382446
1.3256239891052246
1.321953535079956
1.2811059951782227
1.2424875497817993
1.219467043876648
1.2049522399902344
1.2610769271850586
1.278093934059143
1.276991367340088
1.306151270866394
1.397020697593689
1.499106764793396
1.5767742395401
1.697453498840332
1.8255442380905151
1.9489972591400146
2.0105440616607666
2.0999815464019775
2.2108242511749268
2.345226764678955
2.501115322113037
2.5221595764160156
2.6063129901885986
2.6045167446136475
2.5140984058380127
2.498469591140747
2.589387893676758
2.620028018951416
2.742234468460083
2.6187174320220947
2.5752408504486084
2.550690174102783
2.5488150119781494
2.5189895629882812
2.529693603515625
2.5474448204040527
2.5733959674835205
2.5697479248046875
2.5966217517852783
2.6473913192749023
2.710820436477661
2.7627458572387695
2.868886947631836
2.936331033706665
2.992238759994507
2.9521751403808594
2.907062530517578
2.8519206047058105
2.8225972652435303
2.7621378898620605
2.746351718902588
2.754028081893921
2.7443654537200928
2.7306432723999023
2.6831066608428955
2.674213409423828
2.682847738265991
2.7511041164398193
2.7859385013580322
2.8201653957366943
2.849977970123291
2.8447580337524414
2.841801166534424
2.8736886978149414
2.8862946033477783
2.858362913131714
2.898853063583374
2.856997013092041
2.849135637283325
2.7134041786193848
2.598529815673828
2.519949197769165
2.4365687370300293
2.483916997909546
2.5120151042938232
2.5161046981811523
2.5107603073120117
2.480664014816284
2.419562339782715
2.289389133453369
2.292192220687866
2.2409355640411377
2.1839423179626465
2.1563329696655273
1.9857656955718994
1.9535531997680664
1.7921854257583618
1.6865965127944946
1.624027132987976
1.5320355892181396
1.5009450912475586
1.403522253036499
1.3225717544555664
1.3622864484786987
1.3257102966308594
1.4258861541748047
1.4656809568405151
1.4562374353408813
1.484871745109558
1.5256202220916748
1.6007641553878784
1.6618136167526245
1.6677168607711792
1.6359314918518066
1.6321731805801392
1.6959195137023926
1.6946659088134766
1.7626256942749023
1.8217214345932007
1.8638052940368652
1.9362670183181763
1.955147385597229
1.9053103923797607
1.880753993988037
1.7974134683609009
1.8087822198867798
1.9135572910308838
1.990427017211914
2.0727486610412598
2.2002105712890625
2.1748716831207275
1.9748719930648804
2.0872609615325928
2.148867130279541
2.1860432624816895
2.188599109649658
2.255323886871338
2.2802841663360596
2.2948944568634033
2.335867166519165
2.3813116550445557
2.434260129928589
2.427799701690674
2.403266429901123
2.4163005352020264
2.3975231647491455
2.4020614624023438
2.4117090702056885
2.3922698497772217
2.391561508178711
2.386068105697632
2.404110908508301
2.4186108112335205
2.4410409927368164
2.4251086711883545
2.423948287963867
2.442737579345703
2.4493985176086426
2.4729297161102295
2.532073736190796
2.573906660079956
2.6382081508636475
2.70963716506958
2.773456335067749
2.8525075912475586
2.944211959838867
2.889756917953491
2.892293691635132
2.7893013954162598
2.640453815460205
2.551605463027954
2.4412777423858643
2.368983268737793
2.2425286769866943
2.04520845413208
1.849650502204895
1.649800181388855
1.4498004913330078
1.2498005628585815
1.0498006343841553
0.849800705909729
0.649846076965332
0.45008930563926697
0.2603329122066498
0.13508912920951843
0.24955211579799652
0.33096107840538025
0.39302223920822144
0.4728301763534546
0.5226224660873413
0.5650916695594788
0.645473837852478
0.7187096476554871
0.7577275633811951
0.7643640041351318
0.8017058968544006
0.8662903308868408
0.9141032695770264
0.9425223469734192
0.9769265651702881
1.0218913555145264
1.0852431058883667
1.153996229171753
1.1789898872375488
1.1680443286895752
1.1378705501556396
1.1563113927841187
1.2081577777862549
1.1953601837158203
1.2156944274902344
1.2356503009796143
1.2587754726409912
1.2734296321868896
1.2995516061782837
1.3036067485809326
1.3564367294311523
1.41675865650177
1.4618287086486816
1.5051562786102295
1.5538108348846436
1.6104322671890259
1.6043375730514526
1.6445722579956055
1.6898881196975708
1.7433654069900513
1.8280960321426392
1.8806284666061401
1.9564828872680664
2.030975580215454
2.0829238891601562
2.148414373397827
2.188344955444336
2.209012985229492
2.2793807983398438
2.3398940563201904
2.2639307975769043
2.187363386154175
2.1681063175201416
2.173145055770874
2.114591360092163
2.063396692276001
2.093600273132324
2.0333690643310547
1.9692126512527466
2.0118353366851807
2.052368402481079
2.1259102821350098
2.0135421752929688
1.9296813011169434
1.8501338958740234
1.7424930334091187
1.6914530992507935
1.7024272680282593
1.6623479127883911
1.6354565620422363
1.525894045829773
1.535920262336731
1.527406930923462
1.526806354522705
1.5219873189926147
1.5358637571334839
1.4986103773117065
1.4366744756698608
1.4395051002502441
1.4942935705184937
1.557460904121399
1.5821964740753174
1.6404712200164795
1.67848539352417
1.6932861804962158
1.7601622343063354
1.78312349319458
1.7061882019042969
1.7227962017059326
1.7769579887390137
1.8360337018966675
1.8514765501022339
1.8799879550933838
1.9171385765075684
1.9233722686767578
1.9161925315856934
1.9014697074890137
1.9507811069488525
1.981655240058899
2.0273544788360596
2.07218074798584
2.0754740238189697
2.1484572887420654
2.1798157691955566
2.2616238594055176
2.344059705734253
2.388171672821045
2.468517780303955
2.530795097351074
2.5429553985595703
2.4896321296691895
2.531795024871826
2.5562326908111572
2.558743476867676
2.5173473358154297
2.5502634048461914
2.568119525909424
2.6163501739501953
2.618741512298584
2.6842663288116455
2.674598455429077
2.696460485458374
2.704660654067993
2.7414679527282715
2.7685189247131348
2.8099846839904785
2.874171018600464
2.939842700958252
2.9905612468719482
3.0439023971557617
2.967876434326172
3.000413417816162
3.021009922027588
3.014845609664917
3.026151418685913
3.035050868988037
3.026235818862915
3.039315938949585
2.9933090209960938
3.022688388824463
3.059767246246338
3.0804402828216553
3.095155954360962
3.12446665763855
3.1456351280212402
3.230130672454834
3.3067686557769775
3.3678030967712402
3.3488683700561523
3.3356761932373047
3.2997846603393555
3.252797842025757
3.2131083011627197
3.19876766204834
3.1566426753997803
3.1244759559631348
3.046952486038208
3.018003463745117
2.9699244499206543
2.9185142517089844
2.90899658203125
2.735960006713867
2.680774450302124
2.7306783199310303
2.6304550170898438
2.520897388458252
2.526409387588501
2.493001937866211
2.5087597370147705
2.515230417251587
2.465343952178955
2.4394147396087646
2.413379430770874
2.343845844268799
2.2621278762817383
2.2369699478149414
2.1841819286346436
2.142160177230835
2.1604115962982178
2.1943352222442627
2.2160565853118896
2.275428295135498
2.2964773178100586
2.3588438034057617
2.429094076156616
2.508965492248535
2.5527729988098145
2.6255033016204834
2.6637606620788574
2.666825532913208
2.6720402240753174
2.692518472671509
2.711374521255493
2.740725040435791
2.8006577491760254
2.8634376525878906
2.931591510772705
2.9769811630249023
3.0385994911193848
3.068765640258789
3.1000795364379883
3.103053569793701
3.116755247116089
3.145167589187622
3.2217352390289307
3.2895162105560303
3.2883341312408447
3.3246026039123535
3.3951902389526367
3.4323558807373047
3.474618673324585
3.4892213344573975
3.5577216148376465
3.694906234741211
3.85063099861145
4.0375447273254395
4.176612854003906
4.345038890838623
4.478763103485107
4.632323265075684
4.746631622314453
4.828899383544922
4.913382053375244
4.961508274078369
4.985788345336914
4.961455821990967
4.958103656768799
4.959383964538574
4.968029022216797
4.979203701019287
4.951479911804199
4.8935723304748535
4.826975345611572
4.792428493499756
4.7755126953125
4.767574787139893
4.7385149002075195
4.739297389984131
4.728727340698242
4.725038051605225
4.7256622314453125
4.715149402618408
4.724872589111328
4.715681552886963
4.688230991363525
4.639418601989746
4.593323230743408
4.559484481811523
4.5641350746154785
4.598062038421631
4.677365303039551
4.709062576293945
4.74709939956665
4.783600330352783
4.770190238952637
4.782504081726074
4.795310974121094
4.831609725952148
4.906142234802246
4.923045635223389
4.914613723754883
4.883012771606445
4.825686454772949
4.8008246421813965
4.787824630737305
4.777049541473389
4.577049255371094
4.552887916564941
4.535364627838135
4.51230525970459
4.486881732940674
4.479744911193848
4.443549156188965
4.4337897300720215
4.415964603424072
4.400508880615234
4.388094425201416
4.405172348022461
4.396629810333252
4.38813591003418
4.402332782745361
4.4472336769104
4.463222503662109
4.47786283493042
4.500956058502197
4.567578315734863
4.5810065269470215
4.520884037017822
4.41651725769043
4.357362270355225
4.329677581787109
4.276881694793701
4.352774620056152
4.423140048980713
4.518736362457275
4.557136058807373
4.47426176071167
4.480006217956543
4.395197868347168
4.43300199508667
4.412187576293945
4.425145149230957
4.361069202423096
4.424271583557129
4.5291428565979
4.634617805480957
4.767622470855713
4.861796855926514
4.959195137023926
5.043575763702393
5.14040470123291
5.163005352020264
5.224231243133545
5.280104637145996
5.3616204261779785
5.371011257171631
5.479849815368652
5.530003547668457
5.579785346984863
5.457904815673828
5.456854820251465
5.4246602058410645
5.39481258392334
5.389657020568848
5.382193565368652
5.349594593048096
5.299112796783447
5.272244930267334
5.163581848144531
5.103261470794678
5.02964973449707
4.919530868530273
4.850327014923096
4.704638957977295
4.607415199279785
4.502750873565674
4.356767177581787
4.2165093421936035
4.07857608795166
3.9150748252868652
3.761556625366211
3.564387083053589
3.409362554550171
3.2291080951690674
3.1065516471862793
2.9375643730163574
2.8017170429229736
2.649705171585083
2.6211178302764893
2.501857042312622
2.3775815963745117
2.257591724395752
2.1580677032470703
2.147458553314209
2.2027437686920166
2.3307793140411377
2.4306066036224365
2.5486042499542236
2.6136746406555176
2.6447501182556152
2.7094085216522217
2.7673659324645996
2.7610905170440674
2.7832202911376953
2.7997896671295166
2.8479323387145996
2.888097047805786
2.9250593185424805
2.9579317569732666
2.9755287170410156
2.9716804027557373
2.96763277053833
2.9413950443267822
2.952024459838867
2.972764730453491
2.991593599319458
2.9550414085388184
2.955599784851074
2.9449334144592285
2.93049955368042
2.8877322673797607
2.8468942642211914
2.791334629058838
2.730766534805298
2.6703062057495117
2.6229076385498047
2.5313398838043213
2.44097900390625
2.4036128520965576
2.4134461879730225
2.3991994857788086
2.445549488067627
2.4662888050079346
2.442279577255249
2.44777774810791
2.4234650135040283
2.394544839859009
2.3835384845733643
2.419811248779297
2.411146640777588
2.391209840774536
2.3847756385803223
2.3876397609710693
2.4023356437683105
2.423334836959839
2.372805595397949
2.3696587085723877
2.352818250656128
2.3237106800079346
2.3197929859161377
2.338107109069824
2.3499467372894287
2.335814952850342
2.355881929397583
2.4150397777557373
2.4487595558166504
2.4652457237243652
2.4718503952026367
2.4895377159118652
2.5034515857696533
2.4990475177764893
2.4955735206604004
2.5003960132598877
2.5092849731445312
2.4935848712921143
2.5136866569519043
2.504164218902588
2.455237865447998
2.4506771564483643
2.4717931747436523
2.4796478748321533
2.463820695877075
2.4626684188842773
2.4644241333007812
2.467322826385498
2.482363224029541
2.4920146465301514
2.4918792247772217
2.4867541790008545
2.47867488861084
2.456430673599243
2.4285783767700195
2.369722366333008
2.360844135284424
2.3384294509887695
2.3101396560668945
2.3311221599578857
2.388643503189087
2.457659959793091
2.51846981048584
2.603353261947632
2.6699957847595215
2.765089273452759
2.8406689167022705
2.9262399673461914
3.0181620121002197
3.078592300415039
3.164133310317993
3.2080376148223877
3.181389808654785
3.1704459190368652
3.14593505859375
3.2098917961120605
3.193963050842285
3.2285335063934326
3.1436150074005127
3.175950527191162
3.2153685092926025
3.2453532218933105
3.2644197940826416
3.287198066711426
3.321972370147705
3.357429265975952
3.390565872192383
3.4145827293395996
3.502345561981201
3.5330212116241455
3.584239959716797
3.5992722511291504
3.633793354034424
3.679725170135498
3.7271029949188232
3.8009939193725586
3.8897593021392822
4.02836799621582
4.130706310272217
4.2106757164001465
4.327722549438477
4.384768009185791
4.492297172546387
4.520668029785156
4.523282527923584
4.53750467300415
4.516284942626953
4.542728424072266
4.54171085357666
4.4826202392578125
4.46472692489624
4.410092353820801
4.361597061157227
4.321780681610107
4.238150119781494
4.087502956390381
3.9949111938476562
3.9090847969055176
3.8165156841278076
3.775421142578125
3.693856954574585
3.6051464080810547
3.4776368141174316
3.3560445308685303
3.277794122695923
3.2660768032073975
3.1570990085601807
3.0889110565185547
3.007002115249634
2.9364466667175293
2.9402925968170166
3.020728588104248
3.035356044769287
3.1304235458374023
3.235769510269165
3.307917356491089
3.2982821464538574
3.2534961700439453
3.2054529190063477
3.236524820327759
3.2251789569854736
3.241468667984009
3.248088836669922
3.266706943511963
3.2978904247283936
3.325253486633301
3.3422346115112305
3.3651816844940186
3.402263641357422
3.4425208568573
3.4598655700683594
3.4401445388793945
3.4013800621032715
3.3783693313598633
3.373133897781372
3.415031671524048
3.4070563316345215
3.403911590576172
3.388941526412964
3.3430449962615967
3.319105386734009
3.308978796005249
3.249030590057373
3.2309305667877197
3.1989054679870605
3.1184210777282715
3.10573148727417
3.0672121047973633
3.0224502086639404
2.9858503341674805
2.9794392585754395
2.9546854496002197
2.924470901489258
2.9153971672058105
2.8867478370666504
2.746304512023926
2.7276875972747803
2.7033331394195557
2.729200601577759
2.737934112548828
2.7396302223205566
2.6677134037017822
2.6546483039855957
2.623769998550415
2.531428813934326
2.4885990619659424
2.421579599380493
2.3280441761016846
2.3383562564849854
2.352536678314209
2.189570665359497
2.1479697227478027
2.1156928539276123
2.0654032230377197
2.02170991897583
1.9636818170547485
1.9315959215164185
1.8946243524551392
1.864854097366333
1.8394116163253784
1.808091640472412
1.8259649276733398
1.807275652885437
1.7483536005020142
1.754544973373413
1.7553284168243408
1.7460801601409912
1.7332209348678589
1.7000763416290283
1.6799174547195435
1.6380243301391602
1.6200425624847412
1.5749173164367676
1.5881301164627075
1.598650574684143
1.5875918865203857
1.5797710418701172
1.5568536520004272
1.5701972246170044
1.579952359199524
1.5822538137435913
1.579330563545227
1.5741509199142456
1.57393479347229
1.5504459142684937
1.5107933282852173
1.4980432987213135
1.49878990650177
1.481261134147644
1.4395030736923218
1.4090582132339478
1.390633225440979
1.3584856986999512
1.3654800653457642
1.3467737436294556
1.3381847143173218
1.3327879905700684
1.3243876695632935
1.3498769998550415
1.3734984397888184
1.4352574348449707
1.4736818075180054
1.4975438117980957
1.4711155891418457
1.4641766548156738
1.4933644533157349
1.5262787342071533
1.5760412216186523
1.6436163187026978
1.7293833494186401
1.7877060174942017
1.852037787437439
1.9361836910247803
2.0306179523468018
2.0860931873321533
2.160494327545166
2.215705394744873
2.2730588912963867
2.3085765838623047
2.348639965057373
2.3624179363250732
2.3629567623138428
2.380176544189453
2.3956680297851562
2.437990427017212
2.4446351528167725
2.447877883911133
2.445988416671753
2.458507537841797
2.462221622467041
2.4552314281463623
2.446171522140503
2.4260950088500977
2.4384593963623047
2.4247653484344482
2.4249143600463867
2.4290552139282227
2.429095983505249
2.4244048595428467
2.415443181991577
2.42136549949646
2.385784149169922
2.406803607940674
2.40510892868042
2.4252638816833496
2.47662091255188
2.5482633113861084
2.627413749694824
2.720806121826172
2.7233824729919434
2.835155487060547
2.9409408569335938
3.081101894378662
3.180209159851074
3.2456254959106445
3.289618492126465
3.3330459594726562
3.371391534805298
3.3700244426727295
3.3766534328460693
3.3209967613220215
3.314027786254883
3.3165221214294434
3.3347926139831543
3.3379950523376465
3.283428192138672
3.285447597503662
3.283369302749634
3.288252592086792
3.294264316558838
3.3053996562957764
3.31294584274292
3.3100838661193848
3.315755605697632
3.3481602668762207
3.4331536293029785
3.512760639190674
3.611846923828125
3.704798936843872
3.8065993785858154
3.91361927986145
3.9934871196746826
4.105996608734131
4.2403244972229
4.278097152709961
4.349040985107422
4.390302658081055
4.401637077331543
4.438589572906494
4.428435325622559
4.424610614776611
4.389328479766846
4.3704447746276855
4.294723987579346
4.275256156921387
4.2557172775268555
4.225765228271484
4.255143165588379
4.262468338012695
4.277438640594482
4.311699867248535
4.307048797607422
4.316671371459961
4.300531387329102
4.3002495765686035
4.282128810882568
4.171453475952148
4.0901780128479
4.012739658355713
3.955568552017212
3.9367873668670654
3.8772201538085938
3.8278770446777344
3.8251867294311523
3.806974172592163
3.8066792488098145
3.8318543434143066
3.857212781906128
3.855116367340088
3.9072179794311523
3.8687503337860107
3.870448350906372
3.8909926414489746
3.9780831336975098
4.102397441864014
4.108267784118652
4.1770453453063965
4.137872219085693
4.160513877868652
4.1665215492248535
4.17815637588501
4.164083957672119
4.190133571624756
4.26692008972168
4.297643184661865
4.3579864501953125
4.403599739074707
4.501269340515137
4.533269882202148
4.553505897521973
4.504114627838135
4.476810455322266
4.561851501464844
4.6379075050354
4.716577529907227
4.7533721923828125
4.756720066070557
4.771481990814209
4.792749881744385
4.820186614990234
4.812087059020996
4.802134037017822
4.800294876098633
4.786496162414551
4.774405479431152
4.775229454040527
4.770951747894287
4.765330791473389
4.790165901184082
4.795122146606445
4.811798095703125
4.789671421051025
4.757338523864746
4.7630109786987305
4.751919746398926
4.743024826049805
4.839408874511719
4.893465995788574
4.959141731262207
4.999744415283203
4.996355056762695
5.011745452880859
5.052206993103027
5.083209991455078
5.096831798553467
5.134673118591309
5.131174564361572
5.1129631996154785
5.094090938568115
5.079290866851807
5.062777042388916
5.05208683013916
5.039150714874268
5.020122051239014
4.999022006988525
4.996212005615234
4.976982116699219
4.958425998687744
4.975383281707764
4.964247703552246
4.764247894287109
4.727375507354736
4.527375221252441
4.4510579109191895
4.484836101531982
4.6172261238098145
4.62833833694458
4.428338050842285
4.302296161651611
4.331246852874756
4.30974817276001
4.346081256866455
4.332473278045654
4.278754234313965
4.253808975219727
4.297542095184326
4.348307132720947
4.444653034210205
4.549602031707764
4.57033634185791
4.5395050048828125
4.456759452819824
4.39000940322876
4.284726142883301
4.237620830535889
4.319887638092041
4.389406681060791
4.435524940490723
4.53032112121582
4.61549186706543
4.6119818687438965
4.677007675170898
4.47700834274292
4.452311992645264
4.508479118347168
4.561638832092285
4.520615577697754
4.416290760040283
4.371167182922363
4.368778228759766
4.307666778564453
4.3256025314331055
4.313398838043213
4.2291483879089355
4.196467399597168
4.126900672912598
4.052789688110352
3.983985424041748
3.8932693004608154
3.7939860820770264
3.7144899368286133
3.5955007076263428
3.493173837661743
3.3718385696411133
3.2844631671905518
3.14469575881958
3.0276730060577393
2.9249508380889893
2.8721864223480225
2.805561065673828
2.762603521347046
2.731513023376465
2.689617395401001
2.6497433185577393
2.664933681488037
2.6769907474517822
2.757718086242676
2.825040578842163
2.8310694694519043
2.8877017498016357
2.900907039642334
2.9312806129455566
2.9405758380889893
2.931382894515991
2.9407105445861816
2.9528069496154785
2.9730353355407715
2.9884471893310547
2.9985222816467285
3.030651092529297
3.0626022815704346
3.094024419784546
3.09466552734375
3.0818533897399902
3.0581812858581543
2.987060785293579
2.9528963565826416
2.9363205432891846
2.91963529586792
2.869661569595337
2.829859495162964
2.7867181301116943
2.7285072803497314
2.6742892265319824
2.6232750415802
2.558742046356201
2.496427059173584
2.4237136840820312
2.392900228500366
2.3245363235473633
2.2716712951660156
2.1917645931243896
2.2102315425872803
2.1734256744384766
2.2350587844848633
2.1997039318084717
2.266197681427002
2.326716184616089
2.3218648433685303
2.3786518573760986
2.4616329669952393
2.4851596355438232
2.528475761413574
2.62664794921875
2.6876301765441895
2.7367002964019775
2.7871198654174805
2.8282110691070557
2.8327369689941406
2.8447110652923584
2.83711838722229
2.8302457332611084
2.832897424697876
2.8357555866241455
2.8275318145751953
2.792616605758667
2.7543015480041504
2.6976139545440674
2.703594207763672
2.7240190505981445
2.729189395904541
2.708469867706299
2.685258388519287
2.6874523162841797
2.67734956741333
2.6814804077148438
2.6652255058288574
2.654306650161743
2.6736228466033936
2.6638591289520264
2.6538467407226562
2.632474660873413
2.612035036087036
2.5943074226379395
2.5698862075805664
2.524404764175415
2.5163450241088867
2.5139658451080322
2.5292460918426514
2.535379409790039
2.5535669326782227
2.5609610080718994
2.5859553813934326
2.651746988296509
2.7365520000457764
2.729497194290161
2.7654483318328857
2.8008077144622803
2.809567451477051
2.860130548477173
2.8953375816345215
2.9485599994659424
2.9959871768951416
3.0527849197387695
3.0488269329071045
3.1046841144561768
3.094381093978882
3.1713919639587402
3.1474597454071045
3.249354600906372
3.1180419921875
3.073387384414673
3.1126437187194824
3.205265522003174
3.2321174144744873
3.280735731124878
3.336226224899292
3.300410747528076
3.2611472606658936
3.222337007522583
3.2275898456573486
3.2692222595214844
3.323650360107422
3.5097668170928955
3.557328701019287
3.56965970993042
3.557551145553589
3.524359703063965
3.5943164825439453
3.6838650703430176
3.7361724376678467
3.5361721515655518
3.6530373096466064
3.7594709396362305
3.8394312858581543
3.913771867752075
3.9380033016204834
4.008017063140869
4.062985420227051
4.075045108795166
4.097670555114746
4.119997978210449
4.13405179977417
4.128400802612305
4.117035865783691
4.016597747802734
3.995490550994873
3.94687819480896
3.93534517288208
3.90824556350708
3.8714792728424072
3.7609968185424805
3.722669839859009
3.7189860343933105
3.711484909057617
3.664466619491577
3.6350278854370117
3.6554207801818848
3.657231569290161
3.657360553741455
3.6439297199249268
3.6239891052246094
3.6270179748535156
3.604182481765747
3.571279525756836
3.5296473503112793
3.466416597366333
3.491335391998291
3.474863290786743
3.4578678607940674
3.4772634506225586
3.513739585876465
3.549785614013672
3.596883773803711
3.6221859455108643
3.6292989253997803
3.647939920425415
3.7463293075561523
3.7355926036834717
3.756345748901367
3.7624616622924805
3.7987606525421143
3.7829344272613525
3.80619740486145
3.8093149662017822
3.7671730518341064
3.7589964866638184
3.694218873977661
3.6725032329559326
3.680126667022705
3.6177806854248047
3.6165647506713867
3.591458320617676
3.5303189754486084
3.506289005279541
3.474575996398926
3.450432300567627
3.4173390865325928
3.3550920486450195
3.3546993732452393
3.345735549926758
3.3400163650512695
3.296872615814209
3.2990481853485107
3.3273136615753174
3.372739315032959
3.400047779083252
3.4113516807556152
3.3851420879364014
3.2785000801086426
3.2755355834960938
3.180614471435547
3.0555388927459717
2.9371702671051025
2.8426499366760254
2.748102903366089
2.6839308738708496
2.5658838748931885
2.41007924079895
2.285939931869507
2.1579928398132324
2.0729687213897705
1.9998042583465576
1.9727377891540527
1.9255670309066772
1.869533658027649
1.8056877851486206
1.8169569969177246
1.769216775894165
1.7524765729904175
1.7097402811050415
1.6678855419158936
1.6493570804595947
1.617039680480957
1.5690497159957886
1.5336992740631104
1.4643826484680176
1.4333064556121826
1.4087728261947632
1.3721410036087036
1.3435602188110352
1.3146504163742065
1.2717434167861938
1.2287217378616333
1.229379653930664
1.2076530456542969
1.224693775177002
1.1885422468185425
1.1410316228866577
1.122294545173645
1.1051464080810547
1.06925630569458
1.0643587112426758
1.0751758813858032
1.0545583963394165
1.085938572883606
1.094626784324646
1.0275710821151733
1.0389333963394165
1.0281236171722412
1.0203056335449219
0.9905544519424438
0.9845876693725586
0.976748526096344
0.9967151880264282
1.016762375831604
1.0329084396362305
1.0056178569793701
1.0460216999053955
1.0732885599136353
1.1005859375
1.111395239830017
1.1308122873306274
1.1435091495513916
1.2014566659927368
1.3073182106018066
1.4197471141815186
1.5186809301376343
1.6420857906341553
1.7575263977050781
1.8501654863357544
1.9537729024887085
2.0572798252105713
2.115309476852417
2.2354021072387695
2.3529012203216553
2.406520128250122
2.4511914253234863
2.508199453353882
2.5088589191436768
2.5056018829345703
2.489534854888916
2.4942595958709717
2.500783681869507
2.4959425926208496
2.507796049118042
2.498311758041382
2.5131185054779053
2.5119473934173584
2.5088300704956055
2.5120303630828857
2.5260684490203857
2.5283203125
2.5336053371429443
2.54250168800354
2.595811605453491
2.6627562046051025
2.675733804702759
2.754564046859741
2.8048620223999023
2.872215747833252
2.873591184616089
2.9149603843688965
2.923902988433838
2.90498423576355
2.868278741836548
2.826618194580078
2.815951347351074
2.8700058460235596
2.861262559890747
2.9346659183502197
2.8993542194366455
2.897508382797241
2.942164659500122
2.9415459632873535
2.982818841934204
3.0242929458618164
3.057117223739624
3.095820665359497
3.127462148666382
3.1396875381469727
3.171116352081299
3.230121612548828
3.241239309310913
3.2983689308166504
3.3532142639160156
3.3816936016082764
3.3694565296173096
3.4298415184020996
3.466923952102661
3.449610948562622
3.4717068672180176
3.4200937747955322
3.406383991241455
3.385173797607422
3.3484349250793457
3.3007652759552
3.2916901111602783
3.1882591247558594
3.0536744594573975
2.9826419353485107
2.949265718460083
2.9279427528381348
2.879307985305786
2.8680419921875
2.9010491371154785
2.876049280166626
2.809037685394287
2.8136847019195557
2.8562729358673096
2.8447046279907227
2.839237689971924
2.8233492374420166
2.8542258739471436
2.7520365715026855
2.766589879989624
2.8127822875976562
2.8560285568237305
2.809297800064087
2.8588621616363525
2.858341693878174
2.8569297790527344
2.9122190475463867
2.929420232772827
2.913872003555298
2.9340343475341797
2.9314076900482178
2.9437835216522217
2.9847166538238525
3.0019311904907227
3.0011887550354004
3.016632318496704
3.028164863586426
3.086660146713257
3.1729915142059326
3.281309127807617
3.356801748275757
3.4260799884796143
3.4020779132843018
3.4888088703155518
3.496769666671753
3.469611167907715
3.504753589630127
3.514183282852173
3.5667173862457275
3.5468053817749023
3.533766508102417
3.558072566986084
3.554435968399048
3.5569519996643066
3.5529625415802
3.5710554122924805
3.6029410362243652
3.6502063274383545
3.718043804168701
3.8369152545928955
3.95527720451355
4.0154805183410645
4.065014839172363
4.141783237457275
4.21099328994751
4.243067264556885
4.262598037719727
4.328493118286133
4.378084659576416
4.412252902984619
4.378944396972656
4.413920879364014
4.438744068145752
4.480457305908203
4.520971298217773
4.542748928070068
4.552711009979248
4.532819747924805
4.49549674987793
4.426124572753906
4.365306377410889
4.3154215812683105
4.288257122039795
4.261414051055908
4.232051849365234
4.208626747131348
4.190534591674805
4.1869072914123535
4.195145606994629
4.183113098144531
4.193212509155273
4.198549270629883
4.216565132141113
4.223727703094482
4.221290588378906
4.203227519989014
4.211076736450195
4.189188003540039
4.182109355926514
3.982109308242798
4.025534152984619
4.025952339172363
4.020963191986084
4.032214641571045
3.832214593887329
3.8467979431152344
3.800243377685547
3.8308329582214355
3.7804629802703857
3.8594095706939697
3.841362953186035
3.8791911602020264
3.8646082878112793
3.9302897453308105
3.8752622604370117
3.8619072437286377
3.924654245376587
3.887727975845337
3.7617194652557373
3.66294527053833
3.555863857269287
3.4355039596557617
3.3574814796447754
3.2461633682250977
3.267012119293213
3.209691286087036
3.196831703186035
3.152890682220459
3.173837423324585
3.1547515392303467
3.186061143875122
3.141525983810425
3.1554207801818848
3.1380622386932373
3.153630495071411
3.11055326461792
3.063554286956787
3.1416985988616943
3.128213882446289
3.2243282794952393
3.2902586460113525
3.3918328285217285
3.547830820083618
3.6660313606262207
3.738746404647827
3.8262057304382324
3.9974284172058105
4.111738681793213
4.282766819000244
4.40406608581543
4.498137950897217
4.530932426452637
4.578488826751709
4.625383377075195
4.673389911651611
4.605390548706055
4.7168354988098145
4.7853827476501465
4.839413642883301
4.7986931800842285
4.893002033233643
4.955411911010742
5.015442371368408
4.940388202667236
4.86781120300293
4.910170555114746
5.017496585845947
5.042341232299805
4.942284107208252
4.889120578765869
4.914831161499023
4.939601898193359
4.891480922698975
4.996371269226074
5.102667808532715
5.186148166656494
5.238162994384766
5.166505336761475
5.228471279144287
5.2864274978637695
5.331662654876709
5.269758701324463
5.300580978393555
5.319600582122803
5.305239677429199
5.282382011413574
5.2178425788879395
5.201728820800781
5.146862983703613
5.11330509185791
5.06349515914917
5.000260353088379
4.9117279052734375
4.816127777099609
4.726909637451172
4.632478713989258
4.557271957397461
4.475792407989502
4.384125232696533
4.3059916496276855
4.3063788414001465
4.2883148193359375
4.300081729888916
4.336665153503418
4.369083404541016
4.359855651855469
4.3190813064575195
4.3046345710754395
4.18710994720459
4.048251152038574
3.9147255420684814
3.7730891704559326
3.6607048511505127
3.4646661281585693
3.2669060230255127
3.0885837078094482
2.8885841369628906
2.6903905868530273
2.4903972148895264
2.2903976440429688
2.090397357940674
1.890397310256958
1.6903972625732422
1.4920737743377686
1.3005437850952148
1.1005438566207886
0.9019125699996948
0.7020072340965271
0.5102910995483398
0.31235626339912415
0.14468948543071747
0.04085910692811012
0.009797129780054092
0.1594284325838089
0.22526025772094727
0.33888089656829834
0.4465184211730957
0.5032220482826233
0.5810391306877136
0.6603677272796631
0.7391802668571472
0.8293796181678772
0.8676973581314087
0.9333390593528748
0.9674924612045288
1.0052149295806885
1.061725378036499
1.078207015991211
1.0715383291244507
1.039135217666626
1.0292333364486694
1.022594690322876
1.0280671119689941
1.0665645599365234
1.0683645009994507
1.0717754364013672
1.0337388515472412
0.9481224417686462
0.9500753879547119
0.9789252877235413
0.9727140665054321
0.9975120425224304
0.9911612868309021
0.9762718081474304
0.9226530194282532
0.9084981083869934
0.9140883684158325
0.8749651908874512
0.8017244935035706
0.8046645522117615
0.7737984657287598
0.7728008031845093
0.7727055549621582
0.824242889881134
0.8256640434265137
0.8319883942604065
0.8222372531890869
0.9193664193153381
0.9844653010368347
1.033065915107727
1.1692122220993042
1.2607518434524536
1.2750834226608276
1.4106173515319824
1.5420328378677368
1.6559112071990967
1.6659623384475708
1.6972544193267822
1.7387852668762207
1.7737864255905151
1.8044934272766113
1.8352867364883423
1.8496214151382446
1.8358148336410522
1.868810772895813
1.8503749370574951
1.8210293054580688
1.8364932537078857
1.8792673349380493
1.9257386922836304
1.9888352155685425
2.0018856525421143
2.0411601066589355
2.0925188064575195
2.0735340118408203
2.0828261375427246
2.1076793670654297
2.0757148265838623
2.0918455123901367
2.0760154724121094
2.053481101989746
2.0221786499023438
2.0296032428741455
2.044316053390503
2.048119306564331
1.9963326454162598
1.977278232574463
1.9417738914489746
1.9036951065063477
1.8362215757369995
1.7823874950408936
1.790691614151001
1.774124026298523
1.7073860168457031
1.6596519947052002
1.6928069591522217
1.7118672132492065
1.7755799293518066
1.8313624858856201
1.8584750890731812
1.9541243314743042
1.9475979804992676
1.9174909591674805
1.926321268081665
1.9289755821228027
1.9182138442993164
1.9127229452133179
1.872369647026062
1.8997018337249756
1.9177926778793335
1.9328135251998901
1.9326167106628418
1.905600666999817
1.8682833909988403
1.8549237251281738
1.8572635650634766
1.8497766256332397
1.8282092809677124
1.8265479803085327
1.8598212003707886
1.9321637153625488
1.9931899309158325
2.0749928951263428
2.165619134902954
2.2511415481567383
2.3439271450042725
2.3965909481048584
2.4752085208892822
2.600713014602661
2.6900672912597656
2.7194864749908447
2.705845594406128
2.6584227085113525
2.6643877029418945
2.6618893146514893
2.6230099201202393
2.670938491821289
2.622652292251587
2.549428701400757
2.4798359870910645
2.4804515838623047
2.311262845993042
2.352053642272949
2.369713068008423
2.372514486312866
2.3800952434539795
2.3945982456207275
2.4073598384857178
2.416081428527832
2.44272518157959
2.4763309955596924
2.5054056644439697
2.5339410305023193
2.569520950317383
2.5959064960479736
2.602231979370117
2.6281590461730957
2.6536121368408203
2.708192825317383
2.727966070175171
2.724039077758789
2.7373533248901367
2.7887394428253174
2.770094156265259
2.8304219245910645
2.9195802211761475
3.014600992202759
3.0653421878814697
3.209568738937378
3.3250503540039062
3.441220998764038
3.5101802349090576
3.6086204051971436
3.660055160522461
3.7163190841674805
3.764399766921997
3.7700283527374268
3.807816982269287
3.780059814453125
3.774219036102295
3.754885196685791
3.7217931747436523
3.699798345565796
3.6823933124542236
3.5613248348236084
3.3613243103027344
3.380103826522827
3.352342367172241
3.334340810775757
3.2867062091827393
3.0867063999176025
3.1087512969970703
3.1210408210754395
3.130376100540161
3.120659112930298
3.1112473011016846
3.076625347137451
2.9647865295410156
2.9817192554473877
2.9686012268066406
3.0120596885681152
3.059540033340454
3.0572667121887207
3.0607552528381348
3.0619051456451416
3.0854873657226562
3.0901291370391846
3.0256474018096924
3.0166773796081543
3.0007333755493164
3.0479812622070312
3.0377867221832275
3.013241767883301
3.0477073192596436
3.0436697006225586
3.074871063232422
3.087063789367676
3.0773260593414307
3.0525805950164795
3.097665786743164
3.0659334659576416
3.0924010276794434
3.0783119201660156
3.1192502975463867
3.1634762287139893
3.2281696796417236
3.255437135696411
3.3302462100982666
3.4248435497283936
3.4817702770233154
3.496083974838257
3.5098984241485596
3.5045032501220703
3.508409261703491
3.5004642009735107
3.4912633895874023
3.502570629119873
3.493644952774048
3.503300189971924
3.501035213470459
3.5093131065368652
3.5306835174560547
3.567819356918335
3.582879066467285
3.5787575244903564
3.5477213859558105
3.4907188415527344
3.459487199783325
3.435237407684326
3.390381097793579
3.3852956295013428
3.3134987354278564
3.2684757709503174
3.1542675495147705
3.008760929107666
2.877392292022705
2.8017756938934326
2.6534056663513184
2.609452962875366
2.517824649810791
2.4377245903015137
2.393575668334961
2.426424503326416
2.445849657058716
2.435706615447998
2.4387335777282715
2.481119155883789
2.4971673488616943
2.4870285987854004
2.5332484245300293
2.5643603801727295
2.5787456035614014
2.582637071609497
2.6124634742736816
2.6289939880371094
2.640666961669922
2.603189468383789
2.5517418384552
2.5030837059020996
2.4731411933898926
2.4903476238250732
2.567676067352295
2.593538761138916
2.6805081367492676
2.676191568374634
2.704587459564209
2.734994649887085
2.7794559001922607
2.8059322834014893
2.84592604637146
2.885110855102539
2.8986778259277344
2.903989315032959
2.774266004562378
2.731112480163574
2.761533737182617
2.7717220783233643
2.7559962272644043
2.715318441390991
2.697633743286133
2.667171001434326
2.663142681121826
2.607548236846924
2.5701210498809814
2.5619723796844482
2.524600028991699
2.4489524364471436
2.4445672035217285
2.4364852905273438
2.4562549591064453
2.4656569957733154
2.4424118995666504
2.4445576667785645
2.4609150886535645
2.494234323501587
2.524317979812622
2.5563676357269287
2.5629115104675293
2.5540380477905273
2.5545904636383057
2.5110270977020264
2.484510898590088
2.4933676719665527
2.452510118484497
2.4161863327026367
2.4021718502044678
2.3810958862304688
2.392213821411133
2.4267702102661133
2.4651763439178467
2.5610039234161377
2.671635150909424
2.726215362548828
2.8311092853546143
2.9588541984558105
3.013749599456787
3.0173752307891846
3.0188791751861572
3.0129363536834717
3.02559232711792
3.038804531097412
3.086249828338623
3.1057240962982178
3.250295639038086
3.3684334754943848
3.4695515632629395
3.542731285095215
3.664987802505493
3.7904114723205566
3.9290599822998047
4.0813679695129395
4.260716915130615
4.322120666503906
4.394455432891846
4.399930477142334
4.40546989440918
4.373834609985352
4.362572193145752
4.309517860412598
4.2918877601623535
4.269567489624023
4.176772117614746
4.136661529541016
4.012341499328613
3.9225780963897705
3.808790922164917
3.692894220352173
3.6050095558166504
3.4475910663604736
3.328240394592285
3.266056537628174
3.2607057094573975
3.1444129943847656
3.1108200550079346
3.087467670440674
3.043809413909912
2.958897829055786
2.9274847507476807
2.9265074729919434
2.9108569622039795
2.8695499897003174
2.816455364227295
2.7604362964630127
2.72719407081604
2.6647136211395264
2.6988022327423096
2.738983392715454
2.8031628131866455
2.9250879287719727
3.0675511360168457
3.2329230308532715
3.385868549346924
3.5357747077941895
3.685560703277588
3.738236904144287
3.894538402557373
3.951450824737549
4.0047502517700195
3.9538650512695312
3.995359420776367
3.993804931640625
4.019341468811035
4.039978981018066
4.04861307144165
4.04542350769043
4.049471378326416
4.063374996185303
4.06845760345459
4.063172817230225
4.107842445373535
4.146821022033691
4.314932346343994
4.500970840454102
4.696207046508789
4.87923002243042
5.007587909698486
5.119770526885986
5.220004081726074
5.28460693359375
5.3043951988220215
5.295010566711426
5.303596496582031
5.297367095947266
5.294796943664551
5.2936482429504395
5.292115688323975
5.289902210235596
5.303323268890381
5.282177448272705
5.18955659866333
5.106042385101318
5.019494533538818
4.953318119049072
4.894199848175049
4.83828592300415
4.779839992523193
4.727671146392822
4.639542579650879
4.603090763092041
4.622615337371826
4.619304656982422
4.636392593383789
4.685365676879883
4.697200298309326
4.6751790046691895
4.6946702003479
4.734568119049072
4.688776969909668
4.601146221160889
4.522250175476074
4.400782585144043
4.314480304718018
4.225375175476074
4.193045139312744
4.191526412963867
4.292017936706543
4.388319492340088
4.4450602531433105
4.5634379386901855
4.640430450439453
4.596134662628174
4.571592330932617
4.5266289710998535
4.508656024932861
4.537740230560303
4.590268611907959
4.6603875160217285
4.682272434234619
4.764341354370117
4.893887519836426
4.872459411621094
4.90005350112915
4.915995121002197
4.785873889923096
4.612679958343506
4.608572959899902
4.512041091918945
4.408613204956055
4.3802361488342285
4.274449348449707
4.2258148193359375
4.31938362121582
4.392414093017578
4.4497880935668945
4.495122909545898
4.501347064971924
4.436614990234375
4.495197296142578
4.476777076721191
4.418364524841309
4.528051376342773
4.514050006866455
4.5868401527404785
4.6101226806640625
4.620304584503174
4.575806140899658
4.575932025909424
4.62515926361084
4.671453952789307
4.6968674659729
4.664128303527832
4.624588966369629
4.7490363121032715
4.761812686920166
4.5618133544921875
4.622220516204834
4.733617782592773
4.748690605163574
4.754730701446533
4.762084484100342
4.759501934051514
4.7614970207214355
4.748790264129639
4.703808307647705
4.6046600341796875
4.538947105407715
4.456294059753418
4.378557205200195
4.300795078277588
4.213276386260986
4.095902919769287
3.9726920127868652
3.826608419418335
3.6669907569885254
3.521296262741089
3.394292116165161
3.2757935523986816
3.1906955242156982
3.179204225540161
3.1976780891418457
3.1073296070098877
2.9995839595794678
2.885868549346924
2.8530712127685547
2.7885618209838867
2.695643663406372
2.6737747192382812
2.647136688232422
2.60447359085083
2.600390911102295
2.6405601501464844
2.6517345905303955
2.6438710689544678
2.668576240539551
2.6596851348876953
2.6501331329345703
2.6484363079071045
2.633646249771118
2.626577615737915
2.649508476257324
2.705166816711426
2.737029790878296
2.798448085784912
2.8049166202545166
2.773912191390991
2.745448589324951
2.7502262592315674
2.740736722946167
2.7425284385681152
2.7335710525512695
2.7106642723083496
2.6951546669006348
2.6696407794952393
2.6362106800079346
2.5645008087158203
2.480600595474243
2.412705659866333
2.3698043823242188
2.3197288513183594
2.2282869815826416
2.189289093017578
2.1486563682556152
2.2432146072387695
2.369379758834839
2.4761760234832764
2.599618673324585
2.651442766189575
2.7196431159973145
2.8025710582733154
2.9541637897491455
3.1116271018981934
3.183351993560791
3.0680153369903564
3.171332836151123
3.1958858966827393
3.152097463607788
3.1680266857147217
3.1795589923858643
3.1338107585906982
2.9596164226531982
2.793687105178833
2.8019065856933594
2.6545820236206055
2.625501871109009
2.6226084232330322
2.535071611404419
2.481884241104126
2.4380786418914795
2.3831939697265625
2.3575968742370605
2.329606771469116
2.352691411972046
2.415754795074463
2.4950814247131348
2.5363926887512207
2.490604877471924
2.5086355209350586
2.5629401206970215
2.548776865005493
2.4497604370117188
2.3031532764434814
2.2036314010620117
2.0873661041259766
2.066594362258911
1.9609737396240234
1.8550119400024414
1.8007436990737915
1.7427414655685425
1.699449896812439
1.6761255264282227
1.6605818271636963
1.6411311626434326
1.6313704252243042
1.6284738779067993
1.6260111331939697
1.6437146663665771
1.6415058374404907
1.644471287727356
1.6524156332015991
1.6725667715072632
1.7072213888168335
1.7323378324508667
1.743605613708496
1.7512937784194946
1.7888904809951782
1.7937688827514648
1.806378960609436
1.8339179754257202
1.8936537504196167
1.9047877788543701
1.943891167640686
1.9640929698944092
1.9870706796646118
2.0079894065856934
2.1048240661621094
2.215574026107788
2.4119632244110107
2.504230499267578
2.704231023788452
2.792880058288574
2.939194440841675
2.9447569847106934
2.9763479232788086
3.0254151821136475
3.115649938583374
3.1940367221832275
3.311023473739624
3.3605129718780518
3.383446216583252
3.3919260501861572
3.402486801147461
3.4136648178100586
3.5027570724487305
3.379258394241333
3.2484846115112305
3.193516492843628
3.0732786655426025
3.0068702697753906
2.937894344329834
2.9270505905151367
2.90616512298584
2.8774993419647217
2.9415550231933594
2.9503061771392822
2.9609856605529785
2.9595947265625
2.9390757083892822
2.9374783039093018
2.9446189403533936
2.942146062850952
3.0208210945129395
3.048689126968384
3.132380247116089
3.198429584503174
3.238279342651367
3.260908603668213
3.2464864253997803
3.2856922149658203
3.3081421852111816
3.388939142227173
3.419797420501709
3.5479445457458496
3.645061492919922
3.692685604095459
3.6870129108428955
3.7623889446258545
3.813577651977539
3.849059820175171
3.851030111312866
3.850745677947998
3.778446674346924
3.753570318222046
3.6709036827087402
3.530818462371826
3.346449613571167
3.146449565887451
2.954130172729492
2.754129648208618
2.5822269916534424
2.4654541015625
2.4979162216186523
2.5186190605163574
2.56242299079895
2.5585227012634277
2.537412405014038
2.518805503845215
2.5127763748168945
2.466738700866699
2.4453628063201904
2.456411361694336
2.493441104888916
2.5930657386779785
2.648064136505127
2.6804354190826416
2.729839563369751
2.80352783203125
2.7671117782592773
2.794539213180542
2.808030843734741
2.8417365550994873
2.8750696182250977
2.8947088718414307
2.901516914367676
2.9295055866241455
2.9685702323913574
2.9493396282196045
2.992891550064087
3.003899097442627
3.0383565425872803
3.044590711593628
3.065286636352539
3.0359296798706055
3.0451912879943848
3.042818069458008
3.0533149242401123
3.022536039352417
3.0236101150512695
3.052863836288452
3.108642578125
3.143648386001587
3.2064990997314453
3.2418928146362305
3.231271505355835
3.248724937438965
3.263252019882202
3.269937515258789
3.277071952819824
3.278735637664795
3.2854225635528564
3.2788331508636475
3.283017635345459
3.27480411529541
3.2617828845977783
3.2244880199432373
3.18784499168396
3.1600964069366455
3.1669423580169678
3.1376187801361084
3.1917028427124023
3.170529842376709
3.158785343170166
3.1547000408172607
3.1521458625793457
3.0692152976989746
3.0040323734283447
3.017496109008789
2.967297077178955
2.9880971908569336
3.0123019218444824
3.07159423828125
3.159101724624634
2.97969126701355
2.806455612182617
2.7840206623077393
2.6502530574798584
2.520200252532959
2.411475658416748
2.291170358657837
2.2406399250030518
2.2300374507904053
2.22355318069458
2.103710889816284
2.022372245788574
1.9112632274627686
1.8835643529891968
1.8450754880905151
1.885902762413025
1.8808053731918335
1.881234884262085
1.929727554321289
1.9654278755187988
2.0011630058288574
2.027204990386963
2.055771589279175
2.078409194946289
2.095937967300415
2.099547863006592
2.097031354904175
2.073763370513916
2.0405960083007812
1.9640161991119385
1.8697762489318848
1.7753883600234985
1.659833550453186
1.5260882377624512
1.383697509765625
1.2335090637207031
1.087127923965454
0.9400037527084351
0.8349435329437256
0.7287170886993408
0.6125035285949707
0.49805814027786255
0.41694775223731995
0.3518402874469757
0.27743422985076904
0.3254339098930359
0.33157584071159363
0.3178969919681549
0.28147414326667786
0.2378416210412979
0.21892759203910828
0.19431158900260925
0.21599902212619781
0.20839402079582214
0.29577258229255676
0.2797822654247284
0.3717014491558075
0.4876105487346649
0.6389994621276855
0.7960444092750549
0.8979800939559937
1.017676591873169
1.1439889669418335
1.2660174369812012
1.3943521976470947
1.5002003908157349
1.6234440803527832
1.7073280811309814
1.8083233833312988
1.9103662967681885
2.0025100708007812
2.045438766479492
2.1293747425079346
2.186702251434326
2.3131039142608643
2.3739805221557617
2.371788263320923
2.391568899154663
2.440072774887085
2.4739491939544678
2.497437000274658
2.5121514797210693
2.541524887084961
2.6083693504333496
2.6489365100860596
2.659069299697876
2.629244089126587
2.67402720451355
2.7040724754333496
2.721250534057617
2.790809154510498
2.8284027576446533
2.8661749362945557
2.9421701431274414
3.020292282104492
3.051445245742798
3.138076066970825
3.1685476303100586
3.08860445022583
3.025303602218628
2.9831385612487793
2.932631254196167
2.9569036960601807
2.9605789184570312
2.9641940593719482
2.991813898086548
3.0054783821105957
3.0070550441741943
2.9642536640167236
2.9087536334991455
2.8877575397491455
2.887042999267578
2.905906915664673
2.8934221267700195
2.9206087589263916
2.9323484897613525
2.94614315032959
2.9619507789611816
2.993760824203491
3.027489185333252
3.0784103870391846
3.1191177368164062
3.1991219520568848
3.281460762023926
3.294189214706421
3.3483083248138428
3.366288900375366
3.388920307159424
3.3853135108947754
3.3399856090545654
3.3414041996002197
3.354310989379883
3.3465280532836914
3.2978410720825195
3.2333545684814453
3.188102960586548
3.101442337036133
3.0443613529205322
2.9270870685577393
2.800438404083252
2.7285537719726562
2.6794307231903076
2.6846251487731934
2.7393112182617188
2.6769323348999023
2.7631332874298096
2.757033109664917
2.8316688537597656
2.9067747592926025
2.9333629608154297
2.9583826065063477
2.9901556968688965
3.009333372116089
3.0145645141601562
3.0526649951934814
3.0484068393707275
2.9366180896759033
2.8015635013580322
2.7337701320648193
2.6072049140930176
0.0
-0.004179673735052347
-0.013016724959015846
-0.004811256658285856
-0.03599746152758598
0.040490541607141495
0.17345336079597473
0.19879473745822906
0.20838439464569092
0.29086926579475403
0.3396404981613159
0.352766752243042
0.39144065976142883
0.3763042390346527
0.41101956367492676
0.34723010659217834
0.37886494398117065
0.38083502650260925
0.4231766164302826
0.42157697677612305
0.5125613212585449
0.515975832939148
0.6496320962905884
0.7564563751220703
0.9430986046791077
1.1013768911361694
1.2577779293060303
1.4028382301330566
1.3450723886489868
1.5342210531234741
1.6735583543777466
1.711531639099121
1.75872802734375
1.7571614980697632
1.8789467811584473
2.01289439201355
2.087017059326172
2.1500844955444336
2.0681099891662598
2.1756575107574463
2.186147928237915
2.089712381362915
2.031987190246582
2.0740506649017334
2.092120885848999
2.14939546585083
2.195183753967285
2.24062180519104
2.3114094734191895
2.3786048889160156
2.4461498260498047
2.5553534030914307
2.538217306137085
2.4498186111450195
2.442044496536255
2.433406352996826
2.4076061248779297
2.5388503074645996
2.714573621749878
2.861598491668701
2.9623360633850098
3.042513847351074
3.088041067123413
3.103876829147339
3.132497549057007
3.1526753902435303
3.1678626537323
3.2116541862487793
3.286766529083252
3.338275671005249
3.4223766326904297
3.4493446350097656
3.5218887329101562
3.5820469856262207
3.685894012451172
3.7305994033813477
3.828153610229492
3.9313621520996094
4.064826965332031
4.154521465301514
4.216470718383789
4.279928684234619
4.330622673034668
4.406488418579102
4.482988357543945
4.526684284210205
4.662408351898193
4.6256537437438965
4.596071243286133
4.409952163696289
4.298223972320557
4.147489070892334
4.136814117431641
4.0137858390808105
4.115118503570557
4.102851867675781
4.199380874633789
4.28818941116333
4.306717872619629
4.381964206695557
4.383312225341797
4.397332191467285
4.3935465812683105
4.423597812652588
4.443043231964111
4.412096977233887
4.422266483306885
4.434201717376709
4.405088901519775
4.3796234130859375
4.346121311187744
4.323760986328125
4.346813678741455
4.34408712387085
4.344344139099121
4.352809429168701
4.32352352142334
4.343950271606445
4.30685567855835
4.230325222015381
4.218268394470215
4.127408981323242
4.121674060821533
3.9969570636749268
3.956448554992676
3.8149116039276123
3.689671277999878
3.5842599868774414
3.4213931560516357
3.3245491981506348
3.2093772888183594
3.0893774032592773
3.0377774238586426
2.9404516220092773
2.9249422550201416
2.8278756141662598
2.762119770050049
2.7090871334075928
2.669330596923828
2.5644407272338867
2.454706907272339
2.41263484954834
2.3601112365722656
2.237185001373291
2.1621601581573486
2.118851900100708
2.0747058391571045
2.0291597843170166
2.007059335708618
2.00815486907959
1.980855107307434
2.01619029045105
2.1522321701049805
2.1459290981292725
2.159895658493042
2.140972852706909
2.122023344039917
2.2101454734802246
2.260342597961426
2.2373993396759033
2.2307605743408203
2.2695565223693848
2.303732395172119
2.391075611114502
2.461815118789673
2.546090841293335
2.608398675918579
0.0
-0.004179673735052347
-0.013016724959015846
-0.004811256658285856
-0.03599746152758598
0.040490541607141495
0.17345336079597473
0.19879473745822906
0.20838439464569092
0.29086926579475403
0.3396404981613159
0.352766752243042
0.39144065976142883
0.3763042390346527
0.41101956367492676
0.34723010659217834
0.37886494398117065
0.38083502650260925
0.4231766164302826
0.42157697677612305
0.5125613212585449
0.515975832939148
0.6496320962905884
0.7564563751220703
0.9430986046791077
1.1013768911361694
1.2577779293060303
1.4028382301330566
1.3450723886489868
1.5342210531234741
1.6735583543777466
1.711531639099121
1.75872802734375
1.7571614980697632
1.8789467811584473
2.01289439201355
2.087017059326172
2.1500844955444336
2.0681099891662598
2.1756575107574463
2.186147928237915
2.089712381362915
2.031987190246582
2.0740506649017334
2.092120885848999
2.14939546585083
2.195183753967285
2.24062180519104
2.3114094734191895
2.3786048889160156
2.4461498260498047
2.5553534030914307
2.538217306137085
2.4498186111450195
2.442044496536255
2.433406352996826
2.4076061248779297
2.5388503074645996
2.714573621749878
2.861598491668701
2.9623360633850098
3.042513847351074
3.088041067123413
3.103876829147339
3.132497549057007
3.1526753902435303
3.1678626537323
3.2116541862487793
3.286766529083252
3.338275671005249
3.4223766326904297
3.4493446350097656
3.5218887329101562
3.5820469856262207
3.685894012451172
3.7305994033813477
3.828153610229492
3.9313621520996094
4.064826965332031
4.154521465301514
4.216470718383789
4.279928684234619
4.330622673034668
4.406488418579102
4.482988357543945
4.526684284210205
4.662408351898193
4.6256537437438965
4.596071243286133
4.409952163696289
4.298223972320557
4.147489070892334
4.136814117431641
4.0137858390808105
4.115118503570557
4.102851867675781
4.199380874633789
4.28818941116333
4.306717872619629
4.381964206695557
4.383312225341797
4.397332191467285
4.3935465812683105
4.423597812652588
4.443043231964111
4.412096977233887
4.422266483306885
4.434201717376709
4.405088901519775
4.3796234130859375
4.346121311187744
4.323760986328125
4.346813678741455
4.34408712387085
4.344344139099121
4.352809429168701
4.32352352142334
4.343950271606445
4.30685567855835
4.230325222015381
4.218268394470215
4.127408981323242
4.121674060821533
3.9969570636749268
3.956448554992676
3.8149116039276123
3.689671277999878
3.5842599868774414
3.4213931560516357
3.3245491981506348
3.2093772888183594
3.0893774032592773
3.0377774238586426
2.9404516220092773
2.9249422550201416
2.8278756141662598
2.762119770050049
2.7090871334075928
2.669330596923828
2.5644407272338867
2.454706907272339
2.41263484954834
2.3601112365722656
2.237185001373291
2.1621601581573486
2.118851900100708
2.0747058391571045
2.0291597843170166
2.007059335708618
2.00815486907959
1.980855107307434
2.01619029045105
2.1522321701049805
2.1459290981292725
2.159895658493042
2.140972852706909
2.122023344039917
2.2101454734802246
2.260342597961426
2.2373993396759033
2.2307605743408203
2.2695565223693848
2.303732395172119
2.391075611114502
2.461815118789673
2.546090841293335
2.608398675918579
2.6528561115264893
2.7624399662017822
2.8955817222595215
3.0300705432891846
3.1429178714752197
3.2962236404418945
3.405580520629883
3.5160417556762695
3.6532888412475586
3.7901482582092285
3.926992177963257
3.9396719932556152
3.7396721839904785
3.762768030166626
3.846958875656128
3.646958589553833
3.6586146354675293
3.8310115337371826
3.979583501815796
4.029969692230225
4.021430969238281
4.050261497497559
0.0
-0.004179673735052347
-0.013016724959015846
-0.004811256658285856
-0.03599746152758598
0.040490541607141495
0.17345336079597473
0.19879473745822906
0.20838439464569092
0.29086926579475403
0.3396404981613159
0.352766752243042
0.39144065976142883
0.3763042390346527
0.41101956367492676
0.34723010659217834
0.37886494398117065
0.38083502650260925
0.4231766164302826
0.42157697677612305
0.5125613212585449
0.515975832939148
0.6496320962905884
0.7564563751220703
0.9430986046791077
1.1013768911361694
1.2577779293060303
1.4028382301330566
1.3450723886489868
1.5342210531234741
1.6735583543777466
1.711531639099121
1.75872802734375
1.7571614980697632
1.8789467811584473
2.01289439201355
2.087017059326172
2.1500844955444336
2.0681099891662598
2.1756575107574463
2.186147928237915
2.089712381362915
2.031987190246582
2.0740506649017334
2.092120885848999
2.14939546585083
2.195183753967285
2.24062180519104
2.3114094734191895
2.3786048889160156
2.4461498260498047
2.5553534030914307
2.538217306137085
2.4498186111450195
2.442044496536255
2.433406352996826
2.4076061248779297
2.5388503074645996
2.714573621749878
2.861598491668701
2.9623360633850098
3.042513847351074
0.0
-0.004179673735052347
-0.013016724959015846
-0.004811256658285856
-0.03599746152758598
0.040490541607141495
0.17345336079597473
0.19879473745822906
0.20838439464569092
0.29086926579475403
0.3396404981613159
0.352766752243042
0.39144065976142883
0.3763042390346527
0.41101956367492676
0.34723010659217834
0.37886494398117065
0.38083502650260925
0.4231766164302826
0.42157697677612305
0.5125613212585449
0.515975832939148
0.6496320962905884
0.7564563751220703
0.9430986046791077
1.1013768911361694
1.2577779293060303
1.4028382301330566
1.3450723886489868
1.5342210531234741
1.6735583543777466
1.711531639099121
1.75872802734375
1.7571614980697632
1.8789467811584473
2.01289439201355
2.087017059326172
2.1500844955444336
2.0681099891662598
2.1756575107574463
2.186147928237915
2.089712381362915
2.031987190246582
2.0740506649017334
2.092120885848999
2.14939546585083
2.195183753967285
2.24062180519104
2.3114094734191895
2.3786048889160156
2.4461498260498047
2.5553534030914307
2.538217306137085
2.4498186111450195
2.442044496536255
2.433406352996826
2.4076061248779297
2.5388503074645996
2.714573621749878
2.861598491668701
2.9623360633850098
3.042513847351074
3.088041067123413
3.103876829147339
3.132497549057007
3.1526753902435303
3.1678626537323
3.2116541862487793
3.286766529083252
3.338275671005249
3.4223766326904297
3.4493446350097656
3.5218887329101562
3.5820469856262207
3.685894012451172
3.7305994033813477
3.828153610229492
3.9313621520996094
4.064826965332031
4.154521465301514
4.216470718383789
4.279928684234619
4.330622673034668
4.406488418579102
4.482988357543945
4.526684284210205
4.662408351898193
4.6256537437438965
4.596071243286133
4.409952163696289
4.298223972320557
4.147489070892334
4.136814117431641
4.0137858390808105
4.115118503570557
4.102851867675781
4.199380874633789
4.28818941116333
4.306717872619629
4.381964206695557
4.383312225341797
4.397332191467285
4.3935465812683105
4.423597812652588
4.443043231964111
4.412096977233887
4.422266483306885
4.434201717376709
4.405088901519775
4.3796234130859375
4.346121311187744
4.323760986328125
4.346813678741455
4.34408712387085
4.344344139099121
4.352809429168701
4.32352352142334
4.343950271606445
4.30685567855835
4.230325222015381
4.218268394470215
4.127408981323242
4.121674060821533
3.9969570636749268
3.956448554992676
3.8149116039276123
3.689671277999878
3.5842599868774414
3.4213931560516357
3.3245491981506348
3.2093772888183594
3.0893774032592773
3.0377774238586426
2.9404516220092773
2.9249422550201416
2.8278756141662598
2.762119770050049
2.7090871334075928
2.669330596923828
2.5644407272338867
2.454706907272339
2.41263484954834
2.3601112365722656
2.237185001373291
2.1621601581573486
2.118851900100708
2.0747058391571045
2.0291597843170166
2.007059335708618
2.00815486907959
1.980855107307434
2.01619029045105
2.1522321701049805
2.1459290981292725
2.159895658493042
2.140972852706909
2.122023344039917
2.2101454734802246
2.260342597961426
2.2373993396759033
2.2307605743408203
2.2695565223693848
2.303732395172119
2.391075611114502
2.461815118789673
2.546090841293335
2.608398675918579
2.6528561115264893
2.7624399662017822
2.8955817222595215
3.0300705432891846
3.1429178714752197
3.2962236404418945
3.405580520629883
3.5160417556762695
3.6532888412475586
3.7901482582092285
3.926992177963257
3.9396719932556152
3.7396721839904785
3.762768030166626
3.846958875656128
3.646958589553833
3.6586146354675293
0.0
-0.004179673735052347
0.0
-0.004179673735052347
-0.013016724959015846
-0.004811256658285856
-0.03599746152758598
0.040490541607141495
0.17345336079597473
0.19879473745822906
0.20838439464569092
0.29086926579475403
0.3396404981613159
0.352766752243042
0.39144065976142883
0.3763042390346527
0.41101956367492676
0.34723010659217834
0.37886494398117065
0.38083502650260925
0.4231766164302826
0.42157697677612305
0.5125613212585449
0.515975832939148
0.6496320962905884
0.7564563751220703
0.9430986046791077
1.1013768911361694
1.2577779293060303
1.4028382301330566
1.3450723886489868
1.5342210531234741
1.6735583543777466
1.711531639099121
1.75872802734375
1.7571614980697632
1.8789467811584473
2.01289439201355
2.087017059326172
2.1500844955444336
2.0681099891662598
2.1756575107574463
2.186147928237915
2.089712381362915
2.031987190246582
2.0740506649017334
2.092120885848999
2.14939546585083
2.195183753967285
2.24062180519104
2.3114094734191895
2.3786048889160156
2.4461498260498047
2.5553534030914307
2.538217306137085
2.4498186111450195
2.442044496536255
2.433406352996826
2.4076061248779297
2.5388503074645996
2.714573621749878
2.861598491668701
2.9623360633850098
3.042513847351074
3.088041067123413
3.103876829147339
3.132497549057007
3.1526753902435303
3.1678626537323
3.2116541862487793
3.286766529083252
3.338275671005249
3.4223766326904297
3.4493446350097656
3.5218887329101562
3.5820469856262207
3.685894012451172
3.7305994033813477
3.828153610229492
3.9313621520996094
4.064826965332031
4.154521465301514
4.216470718383789
4.279928684234619
4.330622673034668
4.406488418579102
4.482988357543945
4.526684284210205
4.662408351898193
4.6256537437438965
4.596071243286133
4.409952163696289
4.298223972320557
4.147489070892334
4.136814117431641
4.0137858390808105
4.115118503570557
4.102851867675781
4.199380874633789
4.28818941116333
4.306717872619629
4.381964206695557
4.383312225341797
4.397332191467285
4.3935465812683105
4.423597812652588
4.443043231964111
4.412096977233887
4.422266483306885
4.434201717376709
4.405088901519775
4.3796234130859375
4.346121311187744
4.323760986328125
4.346813678741455
4.34408712387085
4.344344139099121
4.352809429168701
4.32352352142334
4.343950271606445
4.30685567855835
4.230325222015381
4.218268394470215
4.127408981323242
4.121674060821533
3.9969570636749268
3.956448554992676
3.8149116039276123
3.689671277999878
3.5842599868774414
3.4213931560516357
3.3245491981506348
3.2093772888183594
3.0893774032592773
3.0377774238586426
2.9404516220092773
2.9249422550201416
2.8278756141662598
2.762119770050049
2.7090871334075928
2.669330596923828
2.5644407272338867
2.454706907272339
2.41263484954834
2.3601112365722656
2.237185001373291
2.1621601581573486
2.118851900100708
2.0747058391571045
2.0291597843170166
2.007059335708618
2.00815486907959
1.980855107307434
2.01619029045105
2.1522321701049805
2.1459290981292725
2.159895658493042
2.140972852706909
2.122023344039917
2.2101454734802246
2.260342597961426
2.2373993396759033
2.2307605743408203
2.2695565223693848
2.303732395172119
2.391075611114502
2.461815118789673
2.546090841293335
2.608398675918579
2.6528561115264893
2.7624399662017822
2.8955817222595215
3.0300705432891846
3.1429178714752197
3.2962236404418945
3.405580520629883
3.5160417556762695
3.6532888412475586
0.0
-0.004179673735052347
-0.013016724959015846
-0.004811256658285856
-0.03599746152758598
0.040490541607141495
0.17345336079597473
0.19879473745822906
0.20838439464569092
0.29086926579475403
0.3396404981613159
0.352766752243042
0.39144065976142883
0.3763042390346527
0.41101956367492676
0.34723010659217834
0.37886494398117065
0.38083502650260925
0.4231766164302826
0.42157697677612305
0.5125613212585449
0.515975832939148
0.6496320962905884
0.7564563751220703
0.9430986046791077
1.1013768911361694
1.2577779293060303
1.4028382301330566
1.3450723886489868
1.5342210531234741
1.6735583543777466
1.711531639099121
1.75872802734375
1.7571614980697632
1.8789467811584473
2.01289439201355
2.087017059326172
2.1500844955444336
2.0681099891662598
2.1756575107574463
2.186147928237915
2.089712381362915
2.031987190246582
2.0740506649017334
2.092120885848999
2.14939546585083
2.195183753967285
2.24062180519104
2.3114094734191895
2.3786048889160156
2.4461498260498047
2.5553534030914307
2.538217306137085
2.4498186111450195
2.442044496536255
2.433406352996826
2.4076061248779297
2.5388503074645996
2.714573621749878
2.861598491668701
2.9623360633850098
3.042513847351074
3.088041067123413
3.103876829147339
3.132497549057007
3.1526753902435303
3.1678626537323
3.2116541862487793
3.286766529083252
3.338275671005249
3.4223766326904297
3.4493446350097656
3.5218887329101562
3.5820469856262207
3.685894012451172
3.7305994033813477
3.828153610229492
3.9313621520996094
4.064826965332031
4.154521465301514
4.216470718383789
4.279928684234619
4.330622673034668
4.406488418579102
4.482988357543945
4.526684284210205
4.662408351898193
4.6256537437438965
4.596071243286133
4.409952163696289
4.298223972320557
4.147489070892334
4.136814117431641
4.0137858390808105
4.115118503570557
4.102851867675781
4.199380874633789
4.28818941116333
4.306717872619629
4.381964206695557
4.383312225341797
4.397332191467285
4.3935465812683105
4.423597812652588
4.443043231964111
4.412096977233887
4.422266483306885
4.434201717376709
4.405088901519775
4.3796234130859375
4.346121311187744
4.323760986328125
4.346813678741455
4.34408712387085
4.344344139099121
4.352809429168701
4.32352352142334
4.343950271606445
4.30685567855835
4.230325222015381
4.218268394470215
4.127408981323242
4.121674060821533
3.9969570636749268
3.956448554992676
3.8149116039276123
3.689671277999878
3.5842599868774414
3.4213931560516357
3.3245491981506348
3.2093772888183594
3.0893774032592773
3.0377774238586426
2.9404516220092773
2.9249422550201416
2.8278756141662598
2.762119770050049
2.7090871334075928
2.669330596923828
2.5644407272338867
2.454706907272339
2.41263484954834
2.3601112365722656
2.237185001373291
2.1621601581573486
2.118851900100708
2.0747058391571045
2.0291597843170166
2.007059335708618
2.00815486907959
1.980855107307434
2.01619029045105
2.1522321701049805
2.1459290981292725
2.159895658493042
2.140972852706909
2.122023344039917
2.2101454734802246
2.260342597961426
2.2373993396759033
2.2307605743408203
2.2695565223693848
2.303732395172119
2.391075611114502
2.461815118789673
2.546090841293335
2.608398675918579
2.6528561115264893
2.7624399662017822
2.8955817222595215
3.0300705432891846
3.1429178714752197
3.2962236404418945
3.405580520629883
3.5160417556762695
3.6532888412475586
3.7901482582092285
3.926992177963257
3.9396719932556152
3.7396721839904785
3.762768030166626
3.846958875656128
3.646958589553833
3.6586146354675293
3.8310115337371826
3.979583501815796
4.029969692230225
4.021430969238281
4.050261497497559
4.09798002243042
4.195486545562744
4.293063163757324
4.362170696258545
4.377253532409668
4.385874271392822
4.330974578857422
4.289725303649902
4.222960948944092
4.187985897064209
4.126956939697266
4.1350836753845215
4.28566312789917
4.4409613609313965
4.530468463897705
4.527043342590332
4.556271553039551
4.597254753112793
4.5689215660095215
4.605069637298584
4.588287353515625
4.559732913970947
4.444263935089111
4.33199405670166
4.23513650894165
4.119418621063232
3.9668517112731934
3.819563627243042
3.7389981746673584
3.629453420639038
3.498469114303589
3.3664846420288086
3.226494789123535
3.167762279510498
3.121295928955078
3.0431647300720215
2.980642318725586
2.8880560398101807
2.790440082550049
2.697706460952759
2.5619699954986572
2.4710936546325684
2.329498291015625
2.1906301975250244
2.0255286693573
1.8973567485809326
1.764436960220337
1.6086509227752686
1.4562994241714478
1.2594707012176514
1.1555017232894897
1.0953049659729004
1.1246402263641357
1.1383013725280762
1.1811617612838745
1.2787786722183228
1.3733092546463013
1.409372091293335
1.4637994766235352
1.6015211343765259
1.7410047054290771
1.9006088972091675
2.001169443130493
2.0892982482910156
2.1847312450408936
2.2532832622528076
2.2219655513763428
2.2063727378845215
2.1817409992218018
2.197143316268921
2.1884682178497314
2.190150022506714
2.2182271480560303
2.2036595344543457
2.223243236541748
2.2535400390625
2.3107287883758545
2.3661975860595703
2.4361846446990967
2.4752488136291504
2.419194459915161
2.3966572284698486
2.3975932598114014
2.3551671504974365
2.3066234588623047
2.251511812210083
2.2461917400360107
2.1958324909210205
2.1357741355895996
2.0747663974761963
2.0357296466827393
1.986831784248352
1.9375262260437012
1.8641515970230103
1.7885856628417969
1.6824226379394531
1.577156901359558
1.5085899829864502
1.4228953123092651
1.3503618240356445
1.3011600971221924
1.239735722541809
1.172978401184082
1.1429095268249512
1.0800559520721436
1.0704994201660156
1.063158631324768
1.0398091077804565
1.0714101791381836
1.2055599689483643
1.2845675945281982
1.428177833557129
1.5370665788650513
1.5948807001113892
1.6866012811660767
1.7848541736602783
1.8199769258499146
1.8627135753631592
1.889547348022461
1.8656320571899414
1.8329776525497437
1.8516682386398315
1.895668387413025
1.9213588237762451
1.9243148565292358
1.9171851873397827
1.8930262327194214
1.8464583158493042
1.8747763633728027
1.9170511960983276
1.9780526161193848
2.1034820079803467
2.199094533920288
2.2128021717071533
2.265296459197998
2.2558176517486572
2.2960190773010254
2.28568172454834
2.302149534225464
0.0
-0.004179673735052347
-0.013016724959015846
-0.004811256658285856
-0.03599746152758598
0.040490541607141495
0.17345336079597473
0.19879473745822906
0.20838439464569092
0.29086926579475403
0.3396404981613159
0.352766752243042
0.39144065976142883
0.3763042390346527
0.41101956367492676
0.34723010659217834
0.37886494398117065
0.38083502650260925
0.4231766164302826
0.42157697677612305
0.5125613212585449
0.515975832939148
0.6496320962905884
0.7564563751220703
0.9430986046791077
1.1013768911361694
1.2577779293060303
1.4028382301330566
1.3450723886489868
1.5342210531234741
1.6735583543777466
1.711531639099121
1.75872802734375
1.7571614980697632
1.8789467811584473
2.01289439201355
2.087017059326172
2.1500844955444336
2.0681099891662598
2.1756575107574463
2.186147928237915
2.089712381362915
2.031987190246582
2.0740506649017334
2.092120885848999
2.14939546585083
2.195183753967285
2.24062180519104
2.3114094734191895
2.3786048889160156
2.4461498260498047
2.5553534030914307
2.538217306137085
2.4498186111450195
2.442044496536255
2.433406352996826
2.4076061248779297
2.5388503074645996
2.714573621749878
2.861598491668701
2.9623360633850098
3.042513847351074
3.088041067123413
3.103876829147339
3.132497549057007
3.1526753902435303
3.1678626537323
3.2116541862487793
3.286766529083252
3.338275671005249
3.4223766326904297
3.4493446350097656
3.5218887329101562
3.5820469856262207
3.685894012451172
3.7305994033813477
3.828153610229492
3.9313621520996094
4.064826965332031
4.154521465301514
4.216470718383789
4.279928684234619
4.330622673034668
4.406488418579102
4.482988357543945
4.526684284210205
4.662408351898193
4.6256537437438965
4.596071243286133
4.409952163696289
4.298223972320557
4.147489070892334
4.136814117431641
4.0137858390808105
4.115118503570557
4.102851867675781
4.199380874633789
4.28818941116333
4.306717872619629
4.381964206695557
4.383312225341797
4.397332191467285
4.3935465812683105
4.423597812652588
4.443043231964111
4.412096977233887
4.422266483306885
4.434201717376709
4.405088901519775
4.3796234130859375
4.346121311187744
4.323760986328125
4.346813678741455
4.34408712387085
4.344344139099121
4.352809429168701
4.32352352142334
4.343950271606445
4.30685567855835
4.230325222015381
4.218268394470215
4.127408981323242
4.121674060821533
3.9969570636749268
3.956448554992676
3.8149116039276123
3.689671277999878
3.5842599868774414
3.4213931560516357
3.3245491981506348
3.2093772888183594
3.0893774032592773
3.0377774238586426
2.9404516220092773
2.9249422550201416
2.8278756141662598
2.762119770050049
2.7090871334075928
2.669330596923828
2.5644407272338867
2.454706907272339
2.41263484954834
2.3601112365722656
2.237185001373291
2.1621601581573486
2.118851900100708
2.0747058391571045
2.0291597843170166
2.007059335708618
2.00815486907959
1.980855107307434
2.01619029045105
2.1522321701049805
2.1459290981292725
2.159895658493042
2.140972852706909
2.122023344039917
2.2101454734802246
2.260342597961426
2.2373993396759033
2.2307605743408203
2.2695565223693848
2.303732395172119
2.391075611114502
2.461815118789673
2.546090841293335
2.608398675918579
2.6528561115264893
2.7624399662017822
2.8955817222595215
3.0300705432891846
3.1429178714752197
3.2962236404418945
3.405580520629883
3.5160417556762695
3.6532888412475586
3.7901482582092285
3.926992177963257
3.9396719932556152
3.7396721839904785
3.762768030166626
3.846958875656128
3.646958589553833
3.6586146354675293
3.8310115337371826
3.979583501815796
4.029969692230225
4.021430969238281
4.050261497497559
4.09798002243042
4.195486545562744
4.293063163757324
4.362170696258545
4.377253532409668
4.385874271392822
4.330974578857422
4.289725303649902
4.222960948944092
4.187985897064209
4.126956939697266
4.1350836753845215
4.28566312789917
4.4409613609313965
4.530468463897705
4.527043342590332
4.556271553039551
4.597254753112793
4.5689215660095215
4.605069637298584
4.588287353515625
4.559732913970947
4.444263935089111
4.33199405670166
4.23513650894165
4.119418621063232
3.9668517112731934
3.819563627243042
3.7389981746673584
3.629453420639038
3.498469114303589
3.3664846420288086
3.226494789123535
3.167762279510498
3.121295928955078
3.0431647300720215
2.980642318725586
2.8880560398101807
2.790440082550049
2.697706460952759
2.5619699954986572
2.4710936546325684
2.329498291015625
2.1906301975250244
2.0255286693573
1.8973567485809326
1.764436960220337
1.6086509227752686
1.4562994241714478
1.2594707012176514
1.1555017232894897
1.0953049659729004
1.1246402263641357
1.1383013725280762
1.1811617612838745
1.2787786722183228
1.3733092546463013
1.409372091293335
1.4637994766235352
1.6015211343765259
1.7410047054290771
1.9006088972091675
2.001169443130493
2.0892982482910156
2.1847312450408936
2.2532832622528076
2.2219655513763428
2.2063727378845215
2.1817409992218018
2.197143316268921
2.1884682178497314
2.190150022506714
2.2182271480560303
2.2036595344543457
2.223243236541748
2.2535400390625
2.3107287883758545
2.3661975860595703
2.4361846446990967
2.4752488136291504
2.419194459915161
2.3966572284698486
2.3975932598114014
2.3551671504974365
2.3066234588623047
2.251511812210083
2.2461917400360107
2.1958324909210205
2.1357741355895996
2.0747663974761963
2.0357296466827393
1.986831784248352
1.9375262260437012
1.8641515970230103
1.7885856628417969
1.6824226379394531
1.577156901359558
1.5085899829864502
1.4228953123092651
1.3503618240356445
1.3011600971221924
1.239735722541809
1.172978401184082
1.1429095268249512
1.0800559520721436
1.0704994201660156
1.063158631324768
1.0398091077804565
1.0714101791381836
1.2055599689483643
1.2845675945281982
1.428177833557129
1.5370665788650513
1.5948807001113892
1.6866012811660767
1.7848541736602783
1.8199769258499146
1.8627135753631592
1.889547348022461
1.8656320571899414
1.8329776525497437
1.8516682386398315
1.895668387413025
1.9213588237762451
1.9243148565292358
1.9171851873397827
1.8930262327194214
1.8464583158493042
1.8747763633728027
1.9170511960983276
1.9780526161193848
2.1034820079803467
2.199094533920288
2.2128021717071533
2.265296459197998
2.2558176517486572
0.0
-0.004179673735052347
-0.013016724959015846
-0.004811256658285856
-0.03599746152758598
0.040490541607141495
0.17345336079597473
0.19879473745822906
0.20838439464569092
0.29086926579475403
0.3396404981613159
0.352766752243042
0.39144065976142883
0.3763042390346527
0.41101956367492676
0.34723010659217834
0.37886494398117065
0.38083502650260925
0.4231766164302826
0.42157697677612305
0.5125613212585449
0.515975832939148
0.6496320962905884
0.7564563751220703
0.9430986046791077
1.1013768911361694
1.2577779293060303
1.4028382301330566
1.3450723886489868
1.5342210531234741
1.6735583543777466
1.711531639099121
1.75872802734375
1.7571614980697632
1.8789467811584473
2.01289439201355
2.087017059326172
2.1500844955444336
2.0681099891662598
2.1756575107574463
2.186147928237915
2.089712381362915
2.031987190246582
2.0740506649017334
2.092120885848999
2.14939546585083
2.195183753967285
2.24062180519104
2.3114094734191895
2.3786048889160156
2.4461498260498047
2.5553534030914307
2.538217306137085
2.4498186111450195
2.442044496536255
2.433406352996826
2.4076061248779297
2.5388503074645996
2.714573621749878
2.861598491668701
2.9623360633850098
3.042513847351074
3.088041067123413
3.103876829147339
3.132497549057007
3.1526753902435303
3.1678626537323
3.2116541862487793
3.286766529083252
3.338275671005249
3.4223766326904297
3.4493446350097656
3.5218887329101562
3.5820469856262207
3.685894012451172
3.7305994033813477
3.828153610229492
3.9313621520996094
4.064826965332031
4.154521465301514
4.216470718383789
4.279928684234619
4.330622673034668
4.406488418579102
4.482988357543945
4.526684284210205
4.662408351898193
4.6256537437438965
4.596071243286133
4.409952163696289
4.298223972320557
4.147489070892334
4.136814117431641
4.0137858390808105
4.115118503570557
4.102851867675781
4.199380874633789
4.28818941116333
4.306717872619629
4.381964206695557
4.383312225341797
4.397332191467285
4.3935465812683105
4.423597812652588
4.443043231964111
4.412096977233887
4.422266483306885
4.434201717376709
4.405088901519775
4.3796234130859375
4.346121311187744
4.323760986328125
4.346813678741455
4.34408712387085
4.344344139099121
4.352809429168701
4.32352352142334
4.343950271606445
4.30685567855835
4.230325222015381
4.218268394470215
4.127408981323242
4.121674060821533
3.9969570636749268
3.956448554992676
3.8149116039276123
3.689671277999878
3.5842599868774414
3.4213931560516357
3.3245491981506348
3.2093772888183594
3.0893774032592773
3.0377774238586426
2.9404516220092773
2.9249422550201416
2.8278756141662598
2.762119770050049
2.7090871334075928
2.669330596923828
2.5644407272338867
2.454706907272339
2.41263484954834
2.3601112365722656
2.237185001373291
2.1621601581573486
2.118851900100708
2.0747058391571045
2.0291597843170166
2.007059335708618
2.00815486907959
1.980855107307434
2.01619029045105
2.1522321701049805
2.1459290981292725
2.159895658493042
2.140972852706909
2.122023344039917
2.2101454734802246
2.260342597961426
2.2373993396759033
2.2307605743408203
2.2695565223693848
2.303732395172119
2.391075611114502
2.461815118789673
2.546090841293335
2.608398675918579
2.6528561115264893
2.7624399662017822
2.8955817222595215
3.0300705432891846
3.1429178714752197
3.2962236404418945
3.405580520629883
3.5160417556762695
3.6532888412475586
3.7901482582092285
3.926992177963257
3.9396719932556152
3.7396721839904785
3.762768030166626
3.846958875656128
3.646958589553833
3.6586146354675293
3.8310115337371826
3.979583501815796
4.029969692230225
4.021430969238281
4.050261497497559
4.09798002243042
4.195486545562744
4.293063163757324
4.362170696258545
4.377253532409668
4.385874271392822
4.330974578857422
4.289725303649902
4.222960948944092
4.187985897064209
4.126956939697266
4.1350836753845215
4.28566312789917
4.4409613609313965
4.530468463897705
4.527043342590332
4.556271553039551
4.597254753112793
4.5689215660095215
4.605069637298584
4.588287353515625
4.559732913970947
4.444263935089111
4.33199405670166
4.23513650894165
4.119418621063232
3.9668517112731934
3.819563627243042
3.7389981746673584
3.629453420639038
3.498469114303589
3.3664846420288086
3.226494789123535
3.167762279510498
3.121295928955078
3.0431647300720215
2.980642318725586
2.8880560398101807
2.790440082550049
2.697706460952759
2.5619699954986572
2.4710936546325684
2.329498291015625
2.1906301975250244
2.0255286693573
1.8973567485809326
1.764436960220337
1.6086509227752686
1.4562994241714478
1.2594707012176514
1.1555017232894897
1.0953049659729004
1.1246402263641357
1.1383013725280762
1.1811617612838745
1.2787786722183228
1.3733092546463013
1.409372091293335
1.4637994766235352
1.6015211343765259
1.7410047054290771
1.9006088972091675
2.001169443130493
2.0892982482910156
2.1847312450408936
2.2532832622528076
2.2219655513763428
2.2063727378845215
2.1817409992218018
2.197143316268921
2.1884682178497314
2.190150022506714
2.2182271480560303
2.2036595344543457
2.223243236541748
2.2535400390625
2.3107287883758545
2.3661975860595703
2.4361846446990967
2.4752488136291504
2.419194459915161
2.3966572284698486
2.3975932598114014
2.3551671504974365
2.3066234588623047
2.251511812210083
2.2461917400360107
2.1958324909210205
2.1357741355895996
2.0747663974761963
2.0357296466827393
1.986831784248352
1.9375262260437012
1.8641515970230103
1.7885856628417969
1.6824226379394531
1.577156901359558
1.5085899829864502
1.4228953123092651
1.3503618240356445
1.3011600971221924
1.239735722541809
1.172978401184082
1.1429095268249512
1.0800559520721436
1.0704994201660156
1.063158631324768
1.0398091077804565
1.0714101791381836
1.2055599689483643
1.2845675945281982
1.428177833557129
1.5370665788650513
1.5948807001113892
1.6866012811660767
1.7848541736602783
1.8199769258499146
1.8627135753631592
1.889547348022461
1.8656320571899414
1.8329776525497437
1.8516682386398315
1.895668387413025
1.9213588237762451
1.9243148565292358
1.9171851873397827
1.8930262327194214
1.8464583158493042
1.8747763633728027
1.9170511960983276
1.9780526161193848
2.1034820079803467
2.199094533920288
2.2128021717071533
2.265296459197998
2.2558176517486572
2.2960190773010254
2.28568172454834
2.302149534225464
2.2724993228912354
2.2423324584960938
2.192060708999634
2.1050775051116943
2.0794825553894043
2.04337739944458
2.0265114307403564
2.0122857093811035
1.9726576805114746
1.8861192464828491
1.8480805158615112
1.7956762313842773
1.7613321542739868
1.7432228326797485
1.7288954257965088
1.7377783060073853
1.7144839763641357
1.6675165891647339
1.6634047031402588
1.604227066040039
1.5643748044967651
1.5153380632400513
1.4541116952896118
1.4537245035171509
1.4386649131774902
1.414547085762024
1.416797161102295
1.3992842435836792
1.3764528036117554
1.4018993377685547
1.3504605293273926
1.3485711812973022
1.3573487997055054
1.3560436964035034
1.3310571908950806
1.3289120197296143
1.301405668258667
1.2723761796951294
1.3302513360977173
1.3148139715194702
1.3204561471939087
1.3179441690444946
1.3134886026382446
1.3256239891052246
1.321953535079956
1.2811059951782227
1.2424875497817993
1.219467043876648
1.2049522399902344
1.2610769271850586
1.278093934059143
1.276991367340088
1.306151270866394
1.397020697593689
1.499106764793396
1.5767742395401
1.697453498840332
1.8255442380905151
1.9489972591400146
2.0105440616607666
2.0999815464019775
2.2108242511749268
2.345226764678955
2.501115322113037
2.5221595764160156
2.6063129901885986
2.6045167446136475
2.5140984058380127
2.498469591140747
2.589387893676758
2.620028018951416
2.742234468460083
2.6187174320220947
2.5752408504486084
2.550690174102783
2.5488150119781494
2.5189895629882812
2.529693603515625
2.5474448204040527
2.5733959674835205
2.5697479248046875
2.5966217517852783
2.6473913192749023
2.710820436477661
2.7627458572387695
2.868886947631836
2.936331033706665
2.992238759994507
2.9521751403808594
2.907062530517578
2.8519206047058105
2.8225972652435303
2.7621378898620605
2.746351718902588
2.754028081893921
2.7443654537200928
2.7306432723999023
2.6831066608428955
2.674213409423828
2.682847738265991
2.7511041164398193
2.7859385013580322
2.8201653957366943
2.849977970123291
2.8447580337524414
2.841801166534424
2.8736886978149414
2.8862946033477783
2.858362913131714
2.898853063583374
2.856997013092041
2.849135637283325
2.7134041786193848
2.598529815673828
2.519949197769165
2.4365687370300293
2.483916997909546
2.5120151042938232
2.5161046981811523
2.5107603073120117
2.480664014816284
2.419562339782715
2.289389133453369
2.292192220687866
2.2409355640411377
2.1839423179626465
2.1563329696655273
1.9857656955718994
1.9535531997680664
1.7921854257583618
1.6865965127944946
1.624027132987976
1.5320355892181396
1.5009450912475586
1.403522253036499
1.3225717544555664
1.3622864484786987
1.3257102966308594
1.4258861541748047
1.4656809568405151
1.4562374353408813
1.484871745109558
1.5256202220916748
1.6007641553878784
1.6618136167526245
1.6677168607711792
1.6359314918518066
1.6321731805801392
1.6959195137023926
1.6946659088134766
1.7626256942749023
1.8217214345932007
1.8638052940368652
1.9362670183181763
1.955147385597229
1.9053103923797607
1.880753993988037
1.7974134683609009
1.8087822198867798
1.9135572910308838
1.990427017211914
2.0727486610412598
2.2002105712890625
2.1748716831207275
1.9748719930648804
2.0872609615325928
2.148867130279541
2.1860432624816895
2.188599109649658
2.255323886871338
2.2802841663360596
2.2948944568634033
2.335867166519165
2.3813116550445557
2.434260129928589
2.427799701690674
2.403266429901123
2.4163005352020264
2.3975231647491455
2.4020614624023438
2.4117090702056885
2.3922698497772217
2.391561508178711
2.386068105697632
2.404110908508301
2.4186108112335205
2.4410409927368164
2.4251086711883545
2.423948287963867
2.442737579345703
2.4493985176086426
2.4729297161102295
2.532073736190796
2.573906660079956
2.6382081508636475
2.70963716506958
2.773456335067749
2.8525075912475586
2.944211959838867
2.889756917953491
2.892293691635132
2.7893013954162598
2.640453815460205
2.551605463027954
2.4412777423858643
2.368983268737793
2.2425286769866943
2.04520845413208
1.849650502204895
1.649800181388855
1.4498004913330078
1.2498005628585815
1.0498006343841553
0.849800705909729
0.649846076965332
0.45008930563926697
0.2603329122066498
0.13508912920951843
0.24955211579799652
0.33096107840538025
0.39302223920822144
0.4728301763534546
0.5226224660873413
0.5650916695594788
0.645473837852478
0.7187096476554871
0.7577275633811951
0.7643640041351318
0.8017058968544006
0.8662903308868408
0.9141032695770264
0.9425223469734192
0.9769265651702881
1.0218913555145264
1.0852431058883667
1.153996229171753
1.1789898872375488
1.1680443286895752
1.1378705501556396
1.1563113927841187
1.2081577777862549
0.0
0.0
0.0
-0.004179673735052347
-0.013016724959015846
-0.004811256658285856
-0.03599746152758598
0.040490541607141495
0.17345336079597473
0.19879473745822906
0.20838439464569092
0.29086926579475403
0.3396404981613159
0.352766752243042
0.39144065976142883
0.3763042390346527
0.41101956367492676
0.34723010659217834
0.37886494398117065
0.38083502650260925
0.4231766164302826
0.42157697677612305
0.5125613212585449
0.515975832939148
0.6496320962905884
0.7564563751220703
0.9430986046791077
1.1013768911361694
1.2577779293060303
1.4028382301330566
1.3450723886489868
1.5342210531234741
1.6735583543777466
1.711531639099121
1.75872802734375
1.7571614980697632
1.8789467811584473
2.01289439201355
2.087017059326172
2.1500844955444336
2.0681099891662598
2.1756575107574463
2.186147928237915
2.089712381362915
2.031987190246582
2.0740506649017334
2.092120885848999
2.14939546585083
2.195183753967285
2.24062180519104
2.3114094734191895
2.3786048889160156
2.4461498260498047
2.5553534030914307
2.538217306137085
2.4498186111450195
2.442044496536255
2.433406352996826
2.4076061248779297
2.5388503074645996
2.714573621749878
2.861598491668701
2.9623360633850098
3.042513847351074
3.088041067123413
3.103876829147339
3.132497549057007
3.1526753902435303
3.1678626537323
3.2116541862487793
3.286766529083252
3.338275671005249
3.4223766326904297
3.4493446350097656
3.5218887329101562
3.5820469856262207
3.685894012451172
3.7305994033813477
3.828153610229492
3.9313621520996094
4.064826965332031
4.154521465301514
4.216470718383789
4.279928684234619
4.330622673034668
4.406488418579102
4.482988357543945
4.526684284210205
4.662408351898193
4.6256537437438965
4.596071243286133
4.409952163696289
4.298223972320557
4.147489070892334
4.136814117431641
4.0137858390808105
4.115118503570557
4.102851867675781
4.199380874633789
4.28818941116333
4.306717872619629
4.381964206695557
4.383312225341797
4.397332191467285
4.3935465812683105
4.423597812652588
4.443043231964111
4.412096977233887
4.422266483306885
4.434201717376709
4.405088901519775
4.3796234130859375
4.346121311187744
4.323760986328125
4.346813678741455
4.34408712387085
4.344344139099121
4.352809429168701
4.32352352142334
4.343950271606445
4.30685567855835
4.230325222015381
4.218268394470215
4.127408981323242
4.121674060821533
3.9969570636749268
3.956448554992676
3.8149116039276123
3.689671277999878
3.5842599868774414
3.4213931560516357
3.3245491981506348
3.2093772888183594
3.0893774032592773
3.0377774238586426
2.9404516220092773
2.9249422550201416
2.8278756141662598
2.762119770050049
2.7090871334075928
2.669330596923828
2.5644407272338867
2.454706907272339
2.41263484954834
2.3601112365722656
2.237185001373291
2.1621601581573486
2.118851900100708
2.0747058391571045
2.0291597843170166
2.007059335708618
2.00815486907959
1.980855107307434
2.01619029045105
2.1522321701049805
2.1459290981292725
2.159895658493042
2.140972852706909
2.122023344039917
2.2101454734802246
2.260342597961426
2.2373993396759033
2.2307605743408203
2.2695565223693848
2.303732395172119
2.391075611114502
2.461815118789673
2.546090841293335
2.608398675918579
2.6528561115264893
2.7624399662017822
2.8955817222595215
3.0300705432891846
3.1429178714752197
3.2962236404418945
3.405580520629883
3.5160417556762695
3.6532888412475586
3.7901482582092285
3.926992177963257
3.9396719932556152
3.7396721839904785
3.762768030166626
3.846958875656128
3.646958589553833
3.6586146354675293
3.8310115337371826
3.979583501815796
4.029969692230225
4.021430969238281
4.050261497497559
4.09798002243042
4.195486545562744
4.293063163757324
4.362170696258545
4.377253532409668
4.385874271392822
4.330974578857422
4.289725303649902
4.222960948944092
4.187985897064209
4.126956939697266
4.1350836753845215
4.28566312789917
4.4409613609313965
4.530468463897705
4.527043342590332
4.556271553039551
4.597254753112793
4.5689215660095215
4.605069637298584
4.588287353515625
4.559732913970947
4.444263935089111
4.33199405670166
4.23513650894165
4.119418621063232
3.9668517112731934
3.819563627243042
3.7389981746673584
3.629453420639038
3.498469114303589
3.3664846420288086
3.226494789123535
3.167762279510498
3.121295928955078
3.0431647300720215
2.980642318725586
2.8880560398101807
2.790440082550049
2.697706460952759
2.5619699954986572
2.4710936546325684
2.329498291015625
2.1906301975250244
2.0255286693573
1.8973567485809326
1.764436960220337
1.6086509227752686
1.4562994241714478
1.2594707012176514
1.1555017232894897
1.0953049659729004
1.1246402263641357
